depth(m) lower_95(kyr) lower_68(kyr) median(kyr) mean(kyr) upper_68(kyr) upper_95(kyr)
0.000000 0.047289 0.212943 0.488354 0.498075 0.774043 1.047529
0.040000 0.133086 0.332237 0.583541 0.595556 0.861662 1.139561
0.120000 0.330545 0.552010 0.771745 0.782437 1.020312 1.259177
0.200000 0.584621 0.757794 0.966295 0.970176 1.177638 1.403687
0.245000 0.714749 0.882280 1.088016 1.089390 1.272869 1.486946
0.322500 0.906412 1.097219 1.330423 1.329252 1.557265 1.789758
0.400000 1.107239 1.341199 1.580691 1.583752 1.837547 2.057377
0.545000 1.584166 1.810594 2.047043 2.053088 2.289551 2.533597
0.600000 1.726322 1.970499 2.245960 2.256029 2.539038 2.822663
0.733333 2.088065 2.407944 2.738383 2.758021 3.128065 3.466962
0.866667 2.545091 2.903176 3.267519 3.250819 3.611050 3.903313
1.000000 3.138482 3.449974 3.733543 3.721901 3.981631 4.222550
1.045000 3.356464 3.624482 3.875840 3.865348 4.109285 4.314127
1.122500 3.559530 3.816897 4.080004 4.067335 4.322132 4.512099
1.200000 3.751729 4.006015 4.265632 4.259533 4.514247 4.721561
1.300000 3.989494 4.255715 4.510707 4.499973 4.748695 4.939422
1.400000 4.272927 4.532416 4.757822 4.742370 4.962163 5.128994
1.545000 4.779506 4.932091 5.107187 5.101659 5.257785 5.422186
1.600000 4.918787 5.094953 5.283544 5.299540 5.497014 5.753135
1.700000 5.199657 5.429170 5.684694 5.694505 5.951453 6.206272
1.800000 5.618363 5.856288 6.091279 6.082062 6.300288 6.499026
1.845000 5.849430 6.048683 6.265401 6.253071 6.441117 6.604733
1.922500 6.117893 6.325327 6.520343 6.522479 6.720114 6.938459
2.000000 6.380974 6.581591 6.780092 6.780992 6.983469 7.161496
2.045000 6.568233 6.751662 6.942191 6.941979 7.132778 7.291130
2.122500 6.816860 7.042404 7.282643 7.275764 7.498835 7.709298
2.200000 7.195633 7.415465 7.608778 7.614129 7.817262 8.005423
2.245000 7.418799 7.612904 7.789038 7.796046 7.982304 8.186613
2.322500 7.610323 7.827589 8.023020 8.039301 8.258245 8.552336
2.400000 7.798029 8.008538 8.258234 8.275920 8.532464 8.888216
2.500000 8.032913 8.290832 8.583286 8.601076 8.898227 9.275566
2.600000 8.328459 8.617293 8.956411 8.961946 9.299002 9.594987
2.700000 8.658758 9.005369 9.312984 9.308209 9.623226 9.885843
2.800000 9.147947 9.385096 9.667897 9.666353 9.933454 10.175919
2.845000 9.362000 9.571289 9.833764 9.837069 10.093129 10.345768
2.922500 9.723246 9.994761 10.308786 10.324902 10.674524 11.007825
3.000000 10.214262 10.521935 10.848008 10.827348 11.123893 11.317795
3.045000 10.515604 10.798346 11.138249 11.081497 11.327864 11.503222
3.100000 10.705673 10.977109 11.287337 11.247779 11.479493 11.667858
3.200000 10.976910 11.256740 11.519429 11.492724 11.718666 11.915561
3.300000 11.199172 11.487595 11.726125 11.714237 11.930308 12.145018
3.400000 11.441253 11.693608 11.910435 11.914238 12.138288 12.336399
3.500000 11.698596 11.924375 12.136024 12.132899 12.341832 12.537311
3.545000 11.828181 12.050229 12.251042 12.249489 12.457249 12.613213
3.600000 11.991214 12.194708 12.415731 12.417534 12.636686 12.870004
3.700000 12.298534 12.498694 12.734503 12.766052 13.030100 13.460492
3.800000 12.549239 12.810374 13.088882 13.119034 13.436791 13.828256
3.900000 12.805784 13.091916 13.403468 13.437542 13.828849 14.141658
4.000000 12.986945 13.308235 13.667061 13.697476 14.121280 14.372713
4.040000 13.128690 13.431791 13.774377 13.813259 14.243965 14.498869
4.080000 13.227359 13.541025 13.896286 13.929443 14.366831 14.584933
4.100000 13.280378 13.595882 13.953669 13.985818 14.415303 14.631640
4.120000 13.333209 13.659476 14.016294 14.040058 14.463979 14.670537
4.160000 13.450592 13.777125 14.126149 14.146976 14.548421 14.758612
4.200000 13.551485 13.892988 14.254227 14.255964 14.635335 14.826889
4.240000 13.681874 14.015651 14.373855 14.362254 14.722135 14.897185
4.280000 13.846685 14.138612 14.486999 14.473781 14.810497 14.970225
4.300000 13.893345 14.194980 14.554035 14.530370 14.859838 15.015906
4.320000 13.952939 14.257962 14.618997 14.590198 14.907889 15.053514
4.360000 14.150264 14.408487 14.752149 14.716865 14.998173 15.125324
4.400000 14.300257 14.581861 14.870304 14.837833 15.084705 15.201979
4.440000 14.543542 14.777519 15.011515 14.981920 15.181383 15.293947
4.480000 14.761226 14.963801 15.135373 15.120703 15.274495 15.396212
4.500000 14.823936 15.047851 15.196770 15.187015 15.327610 15.448973
4.520000 14.924096 15.125188 15.258005 15.250555 15.383539 15.527057
4.560000 15.110558 15.252171 15.383563 15.374154 15.487572 15.638120
4.585000 15.206472 15.318453 15.447896 15.445382 15.579787 15.702560
4.595000 15.243367 15.345794 15.470954 15.472773 15.611351 15.736491
4.600000 15.252701 15.357300 15.482066 15.484536 15.621869 15.746422
4.640000 15.331926 15.442472 15.555346 15.562093 15.703371 15.815029
4.680000 15.413475 15.523771 15.635480 15.644978 15.784947 15.887554
4.700000 15.452191 15.569908 15.677059 15.687865 15.829823 15.929032
4.720000 15.493418 15.608414 15.721751 15.733046 15.875958 15.970123
4.760000 15.570297 15.686628 15.806147 15.816534 15.955541 16.051103
4.800000 15.642966 15.764338 15.890770 15.895223 16.033226 16.122584
4.810000 15.657030 15.786469 15.914076 15.915934 16.050688 16.142704
4.840000 15.709560 15.844183 15.973650 15.973033 16.108909 16.197976
4.880000 15.783348 15.918665 16.051536 16.047486 16.179462 16.272772
4.900000 15.823957 15.954688 16.096553 16.087748 16.216527 16.320019
4.920000 15.859871 15.994220 16.141867 16.129817 16.256661 16.367185
4.960000 15.935149 16.064148 16.223095 16.207465 16.337759 16.463660
5.000000 16.006569 16.135529 16.298410 16.284228 16.416289 16.534369
5.040000 16.078451 16.207876 16.372916 16.358521 16.492265 16.607719
5.080000 16.151080 16.276918 16.450026 16.432943 16.566913 16.695889
5.100000 16.199684 16.312842 16.487067 16.471092 16.608121 16.732487
5.120000 16.244725 16.352891 16.523473 16.510282 16.642717 16.767205
5.160000 16.311827 16.424900 16.590589 16.579612 16.717101 16.843607
5.200000 16.382881 16.493125 16.660166 16.648661 16.789503 16.911688
5.240000 16.453624 16.556939 16.720087 16.716073 16.865452 16.986379
5.280000 16.534481 16.633038 16.787451 16.787379 16.947428 17.051396
5.300000 16.575007 16.675235 16.824209 16.826411 16.993645 17.089966
5.320000 16.624270 16.714335 16.860946 16.867201 17.039958 17.126553
5.360000 16.706635 16.785914 16.926619 16.939634 17.123472 17.192988
5.385000 16.754862 16.834582 16.975772 16.987726 17.175530 17.240421
5.395000 16.772206 16.855285 16.994196 17.008847 17.199803 17.263183
5.400000 16.784127 16.867470 17.003328 17.019876 17.212588 17.275666
5.440000 16.858483 16.936386 17.071376 17.091048 17.277997 17.354332
5.480000 16.928890 17.013924 17.141404 17.162056 17.346898 17.425809
5.500000 16.964124 17.055465 17.177937 17.199896 17.383173 17.464180
5.520000 16.992904 17.091547 17.213100 17.237070 17.420548 17.499644
5.560000 17.060863 17.166121 17.280727 17.306170 17.489674 17.584687
5.600000 17.125254 17.237420 17.353705 17.376088 17.559456 17.652342
5.605000 17.130934 17.248289 17.365475 17.386656 17.567902 17.664891
5.640000 17.198572 17.312577 17.433162 17.452492 17.624691 17.735541
5.680000 17.260607 17.380203 17.513114 17.527428 17.693194 17.821069
5.700000 17.293390 17.422809 17.556372 17.566067 17.727018 17.880948
5.720000 17.329522 17.458318 17.592944 17.604948 17.765326 17.931004
5.760000 17.395466 17.528902 17.668105 17.680412 17.841467 18.009839
5.800000 17.461024 17.595923 17.742310 17.751605 17.908865 18.089860
5.840000 17.515931 17.668695 17.816235 17.824021 17.980399 18.178674
5.880000 17.573207 17.739168 17.886275 17.896805 18.051177 18.259478
5.900000 17.615813 17.777330 17.924513 17.936504 18.089059 18.299641
5.920000 17.650345 17.819526 17.964653 17.977419 18.130621 18.354429
5.960000 17.710237 17.894444 18.040683 18.051147 18.202144 18.431791
6.000000 17.772626 17.967511 18.114695 18.123515 18.270267 18.531421
6.040000 17.858605 18.040649 18.190574 18.198656 18.349573 18.624071
6.080000 17.923849 18.115152 18.264517 18.273509 18.430019 18.693622
6.120000 18.011350 18.191721 18.337611 18.348009 18.500651 18.778924
6.160000 18.091135 18.263255 18.409184 18.422056 18.575534 18.872757
6.200000 18.175375 18.337522 18.485682 18.498324 18.644149 18.968058
6.240000 18.265950 18.409050 18.564372 18.572320 18.714692 19.045570
6.280000 18.360503 18.484971 18.638812 18.649272 18.796374 19.109442
6.320000 18.434534 18.556400 18.714120 18.726308 18.873044 19.201749
6.360000 18.519845 18.634709 18.789190 18.805607 18.954372 19.259352
6.400000 18.601727 18.707163 18.870966 18.885570 19.041779 19.356506
6.405000 18.618317 18.720195 18.882921 18.898021 19.056289 19.367553
6.440000 18.687254 18.802642 18.973013 18.990671 19.156652 19.453102
6.480000 18.781370 18.892387 19.078839 19.100111 19.299738 19.575849
6.520000 18.863126 18.993318 19.196307 19.216042 19.435608 19.707644
6.560000 18.937259 19.086418 19.309918 19.331780 19.576329 19.821013
6.585000 19.000388 19.156350 19.390215 19.404722 19.656614 19.893657
6.600000 19.032461 19.194184 19.443003 19.452091 19.703064 19.946862
6.640000 19.118670 19.310302 19.568552 19.583346 19.856943 20.172263
6.680000 19.207097 19.416648 19.703778 19.721751 20.023967 20.333213
6.720000 19.283736 19.532311 19.837500 19.859622 20.186780 20.535797
6.760000 19.363707 19.653363 19.976629 19.995608 20.346674 20.748141
6.810000 19.474337 19.793742 20.136416 20.159777 20.531302 20.918251
6.840000 19.542443 19.893339 20.238339 20.256125 20.631524 20.992596
6.880000 19.655558 20.021332 20.376382 20.389295 20.766019 21.128744
6.920000 19.735947 20.145925 20.504984 20.514549 20.926769 21.245419
6.960000 19.836510 20.268583 20.645569 20.641452 21.048912 21.368949
7.000000 19.951608 20.381846 20.762397 20.763675 21.160502 21.462674
7.040000 20.103963 20.512234 20.888117 20.882424 21.269303 21.550704
7.080000 20.260033 20.640268 21.014704 21.002954 21.393571 21.647701
7.120000 20.358992 20.773513 21.139651 21.124388 21.502128 21.762894
7.160000 20.497790 20.897732 21.261148 21.242968 21.605320 21.883187
7.200000 20.633732 21.043885 21.377718 21.365771 21.695838 21.986974
7.240000 20.768776 21.178662 21.505972 21.484487 21.804514 22.080195
7.280000 20.938211 21.308778 21.606357 21.597962 21.896444 22.162013
7.320000 21.053335 21.435538 21.710522 21.710047 21.997304 22.227943
7.360000 21.235792 21.580631 21.827096 21.823007 22.080840 22.317986
7.400000 21.353219 21.698927 21.958972 21.934177 22.178541 22.407427
7.405000 21.362145 21.713584 21.971872 21.947488 22.191754 22.418228
7.440000 21.488493 21.792584 22.065999 22.031145 22.274577 22.477804
7.480000 21.568741 21.874080 22.155828 22.123430 22.370819 22.548230
7.520000 21.638594 21.953784 22.254515 22.219438 22.476200 22.634373
7.560000 21.752378 22.040914 22.338757 22.309959 22.574670 22.732447
7.600000 21.854753 22.123966 22.437868 22.405780 22.659568 22.828530
7.640000 21.971882 22.211394 22.542051 22.502055 22.753367 22.916060
7.680000 22.072734 22.311386 22.640715 22.597776 22.848893 23.007794
7.720000 22.165198 22.397855 22.724039 22.687075 22.936635 23.096858
7.760000 22.244011 22.488331 22.821079 22.773536 23.018571 23.167017
7.840000 22.416149 22.684816 22.992605 22.941436 23.163406 23.303830
7.880000 22.509697 22.776222 23.080911 23.031285 23.241391 23.385431
7.900000 22.556864 22.817439 23.128329 23.076803 23.282244 23.430898
7.920000 22.608090 22.866816 23.176962 23.120655 23.322953 23.466762
7.960000 22.702957 22.964197 23.255333 23.204453 23.400658 23.535963
8.000000 22.804726 23.071360 23.336867 23.291173 23.473621 23.604365
8.040000 22.926581 23.157806 23.414608 23.374733 23.548218 23.675256
8.080000 23.013027 23.249669 23.496473 23.453950 23.619261 23.736372
8.100000 23.061651 23.291314 23.535104 23.496009 23.656178 23.767539
8.120000 23.103957 23.351801 23.575029 23.538021 23.693306 23.818606
8.160000 23.215863 23.445681 23.650952 23.617381 23.763505 23.892517
8.200000 23.310830 23.549809 23.724968 23.697298 23.832448 23.963876
8.240000 23.429576 23.647197 23.797219 23.777764 23.902484 24.030910
8.280000 23.528373 23.735893 23.871226 23.853585 23.971495 24.114988
8.320000 23.621621 23.823064 23.942447 23.929123 24.040753 24.179828
8.360000 23.708461 23.898734 24.014086 24.003296 24.104050 24.260533
8.415000 23.828921 24.005339 24.106101 24.103110 24.200614 24.365471
8.440000 23.882003 24.056754 24.155895 24.152665 24.251725 24.422446
8.480000 23.949856 24.129573 24.229317 24.227226 24.325924 24.501112
8.520000 24.004885 24.203459 24.299155 24.300568 24.400475 24.572467
8.560000 24.100336 24.279894 24.368388 24.371991 24.469996 24.649464
8.600000 24.177943 24.355005 24.441993 24.446419 24.550331 24.732776
8.640000 24.256238 24.420369 24.511993 24.518562 24.620961 24.812547
8.680000 24.324780 24.486753 24.583794 24.589410 24.692366 24.888358
8.720000 24.405745 24.554462 24.656782 24.662778 24.771110 24.969094
8.760000 24.479547 24.622668 24.722568 24.733017 24.839914 25.040797
8.840000 24.621358 24.744850 24.853338 24.862273 24.968292 25.164350
8.880000 24.688113 24.816370 24.921686 24.933555 25.046337 25.257452
8.920000 24.766686 24.886240 24.992661 25.005840 25.117530 25.337487
8.960000 24.840350 24.956342 25.068495 25.082318 25.201578 25.432268
9.000000 24.908225 25.026049 25.146930 25.157420 25.280081 25.511367
9.040000 24.979740 25.096576 25.225157 25.235879 25.364131 25.589910
9.080000 25.084481 25.172453 25.304189 25.315767 25.446405 25.662278
9.120000 25.158529 25.246822 25.388082 25.397137 25.532779 25.730795
9.160000 25.231414 25.325804 25.472790 25.482037 25.621574 25.818217
9.185000 25.278888 25.384990 25.531370 25.541196 25.683397 25.870642
9.215000 25.336869 25.441735 25.604476 25.609552 25.762669 25.936895
9.240000 25.380825 25.495794 25.663675 25.668828 25.825528 26.021152
9.280000 25.448874 25.575897 25.749521 25.759430 25.941204 26.137946
9.320000 25.517404 25.652096 25.846905 25.857228 26.056423 26.305049
9.360000 25.592886 25.737384 25.951784 25.960810 26.176403 26.433484
9.400000 25.653514 25.818340 26.037776 26.057652 26.288255 26.569161
9.440000 25.731965 25.910511 26.154484 26.160265 26.389936 26.702053
9.480000 25.810112 26.004395 26.255209 26.262320 26.507514 26.799484
9.520000 25.880709 26.103403 26.365462 26.367254 26.624855 26.922915
9.560000 25.947481 26.208691 26.469181 26.471615 26.734148 27.046131
9.600000 26.029948 26.310915 26.575957 26.581385 26.850854 27.181062
9.640000 26.121948 26.419939 26.676972 26.688767 26.962461 27.283264
9.680000 26.210235 26.537281 26.790206 26.804165 27.081604 27.403827
9.720000 26.309204 26.641615 26.906336 26.919950 27.226013 27.525688
9.760000 26.434746 26.747850 27.029342 27.038706 27.347658 27.658579
9.800000 26.581652 26.870842 27.165302 27.163514 27.466795 27.749859
9.840000 26.687787 26.996728 27.295679 27.283242 27.579288 27.840920
9.960000 27.133332 27.378234 27.649927 27.635761 27.889087 28.071511
10.000000 27.275676 27.534845 27.769117 27.764507 28.015540 28.166465
10.040000 27.449227 27.663070 27.900785 27.888857 28.119257 28.260595
10.080000 27.582248 27.788267 28.011279 28.001436 28.219334 28.344769
10.120000 27.726845 27.914547 28.125772 28.113554 28.307720 28.429379
10.160000 27.830420 28.027047 28.241957 28.219602 28.396895 28.497415
10.195000 27.909641 28.121651 28.345272 28.308445 28.475197 28.575637
10.200000 27.921555 28.136162 28.359422 28.321740 28.484935 28.587867
10.240000 28.048354 28.236621 28.441134 28.413230 28.567418 28.707520
10.280000 28.144230 28.342652 28.530209 28.503965 28.651140 28.787295
10.360000 28.338922 28.512979 28.682502 28.663838 28.803202 28.927473
10.400000 28.420138 28.597100 28.759754 28.747058 28.887410 29.015312
10.440000 28.538486 28.683005 28.839707 28.830401 28.960020 29.073688
10.480000 28.624589 28.780642 28.918378 28.911426 29.036769 29.152867
10.520000 28.713735 28.862887 28.999662 28.991994 29.116337 29.237971
10.560000 28.792228 28.940007 29.078988 29.070991 29.191759 29.331048
10.600000 28.872714 29.021952 29.156102 29.147457 29.261081 29.423642
10.640000 28.953077 29.096109 29.229616 29.225211 29.339570 29.504015
10.680000 29.028595 29.175555 29.310810 29.300768 29.408886 29.577034
10.720000 29.102759 29.256944 29.385509 29.377751 29.478637 29.661014
10.760000 29.177656 29.343429 29.466162 29.456659 29.550976 29.760949
10.785000 29.230894 29.397773 29.521672 29.512369 29.604593 29.815024
10.795000 29.241496 29.422931 29.547429 29.536709 29.628792 29.853873
10.800000 29.260062 29.438039 29.561140 29.550478 29.641462 29.869727
10.840000 29.361508 29.519606 29.649237 29.659063 29.766141 30.064396
10.880000 29.450283 29.618090 29.742650 29.770969 29.919292 30.276645
10.920000 29.563095 29.704493 29.838981 29.880306 30.069465 30.427221
10.960000 29.650120 29.783281 29.934184 29.991871 30.204003 30.624615
11.000000 29.735184 29.867539 30.033582 30.103889 30.356104 30.828315
11.040000 29.820783 29.949584 30.141141 30.211743 30.492793 30.983243
11.080000 29.883802 30.034773 30.241611 30.323037 30.648816 31.166389
11.120000 29.961691 30.119967 30.349369 30.437354 30.791126 31.324754
11.160000 30.022687 30.208903 30.469010 30.551416 30.920228 31.434772
11.200000 30.129272 30.299052 30.589167 30.664570 31.072742 31.579894
11.240000 30.204037 30.399922 30.705541 30.778441 31.187339 31.699933
11.280000 30.287609 30.505777 30.830608 30.897349 31.322314 31.832199
11.320000 30.357811 30.607122 30.966793 31.023784 31.465991 31.939878
11.360000 30.458490 30.711232 31.091054 31.148307 31.608926 32.052002
11.400000 30.551688 30.834288 31.224044 31.271969 31.731840 32.144301
11.440000 30.657786 30.973978 31.350644 31.399180 31.840200 32.231459
11.480000 30.761712 31.102940 31.494093 31.525601 31.956480 32.325627
11.520000 30.895552 31.237445 31.635113 31.653696 32.072048 32.427255
11.560000 31.040008 31.402293 31.773921 31.784538 32.181402 32.518067
11.600000 31.194138 31.543640 31.926312 31.919615 32.288925 32.611747
11.640000 31.338297 31.684300 32.068225 32.049026 32.409614 32.706962
11.680000 31.455663 31.825060 32.199336 32.184374 32.536849 32.800912
11.720000 31.611309 31.970798 32.328847 32.316914 32.653369 32.904014
11.750000 31.757760 32.074546 32.424228 32.409660 32.751503 32.985624
11.760000 31.799565 32.099072 32.449188 32.439679 32.770322 33.006428
11.800000 31.910472 32.249171 32.594548 32.567412 32.873399 33.097939
11.840000 32.102498 32.415981 32.718589 32.694679 32.977082 33.175243
11.880000 32.306156 32.571360 32.839082 32.824755 33.073196 33.286292
11.920000 32.438702 32.716073 32.959409 32.951494 33.178940 33.389560
11.960000 32.618064 32.873651 33.105538 33.080314 33.276081 33.540551
11.995000 32.733857 32.995520 33.217114 33.194206 33.364674 33.642970
12.000000 32.754680 33.008102 33.234271 33.210140 33.383986 33.654443
12.030000 32.843588 33.098166 33.327372 33.308386 33.486209 33.755385
12.040000 32.870405 33.130462 33.357432 33.339742 33.517658 33.788769
12.080000 33.006905 33.270919 33.480024 33.470547 33.661198 33.901584
12.120000 33.145067 33.388135 33.602866 33.599192 33.803892 34.024318
12.160000 33.279691 33.518401 33.733640 33.726300 33.938650 34.142753
12.200000 33.397157 33.645242 33.864081 33.861030 34.086292 34.304654
12.240000 33.495760 33.760067 33.990371 33.989873 34.225297 34.484951
12.280000 33.579952 33.874096 34.124142 34.116745 34.364243 34.625339
12.320000 33.702380 33.988776 34.249955 34.244216 34.499265 34.778862
12.360000 33.846829 34.098795 34.374239 34.364514 34.622619 34.891232
12.400000 33.955096 34.228007 34.503871 34.489489 34.734969 35.012170
12.440000 34.053199 34.349217 34.627164 34.617387 34.883202 35.122013
12.480000 34.161845 34.480531 34.749974 34.744386 35.003922 35.277123
12.500000 34.243532 34.557073 34.816995 34.809246 35.067026 35.358971
12.520000 34.313083 34.627417 34.880759 34.869846 35.128722 35.422873
12.560000 34.491736 34.767091 35.009702 35.002493 35.243368 35.517614
12.600000 34.647033 34.928766 35.157441 35.161955 35.410288 35.625909
12.640000 34.763286 35.077190 35.316741 35.314499 35.575261 35.766260
12.670000 34.880290 35.174078 35.418817 35.413022 35.678676 35.834547
12.680000 34.929805 35.207939 35.451418 35.443431 35.711227 35.857573
12.700000 35.004010 35.255423 35.504359 35.502714 35.767424 35.913182
12.720000 35.088185 35.312760 35.564475 35.559419 35.819538 35.970546
12.760000 35.243060 35.405388 35.697477 35.670401 35.911128 36.081736
12.795000 35.348502 35.498332 35.807699 35.767784 35.997690 36.185706
12.800000 35.369812 35.510555 35.823877 35.782144 36.011874 36.201997
12.830000 35.462610 35.596919 35.910001 35.870908 36.096236 36.287797
12.840000 35.486886 35.622263 35.940129 35.899433 36.122822 36.315337
12.880000 35.595282 35.740417 36.054111 36.018688 36.240621 36.441455
12.920000 35.684938 35.863592 36.170952 36.139531 36.359481 36.616385
12.960000 35.775953 35.990125 36.273961 36.261898 36.497667 36.752260
13.000000 35.877074 36.107435 36.394382 36.385002 36.635260 36.903194
13.040000 35.968978 36.260945 36.511100 36.514627 36.770326 37.086661
13.080000 36.077663 36.379741 36.644701 36.644653 36.915863 37.225384
13.120000 36.184329 36.501887 36.762658 36.774079 37.056958 37.401685
13.160000 36.319921 36.620380 36.890740 36.910934 37.211567 37.526163
13.200000 36.452348 36.756926 37.028952 37.054739 37.380228 37.670530
13.240000 36.572346 36.896993 37.169007 37.198266 37.530503 37.829228
13.280000 36.713125 37.039601 37.318145 37.348047 37.685035 38.001760
13.320000 36.912455 37.173917 37.482715 37.505305 37.853433 38.156063
13.360000 37.019859 37.297994 37.615876 37.643916 37.990240 38.324070
13.400000 37.138767 37.425276 37.743707 37.776770 38.136794 38.491255
13.405000 37.161464 37.437707 37.761094 37.793201 38.156964 38.506856
13.440000 37.300234 37.583691 37.926285 37.934828 38.273258 38.594706
13.480000 37.438703 37.767429 38.114547 38.104006 38.426132 38.701742
13.510000 37.553822 37.870489 38.252113 38.226097 38.570181 38.823343
13.520000 37.599631 37.913069 38.291449 38.265315 38.608466 38.865479
13.560000 37.818606 38.188874 38.546514 38.517858 38.843225 39.075829
13.600000 38.035698 38.458723 38.827795 38.790644 39.110254 39.334828
13.615000 38.109024 38.543416 38.896438 38.857323 39.177026 39.402066
13.640000 38.178066 38.664655 38.995135 38.959737 39.268514 39.517182
13.680000 38.414718 38.836147 39.156600 39.132300 39.424365 39.680963
13.720000 38.651095 39.023190 39.315663 39.304449 39.595477 39.859669
13.760000 38.806251 39.202962 39.461498 39.467212 39.765384 40.038941
13.785000 38.950570 39.282737 39.551983 39.558114 39.859559 40.141556
13.800000 38.995368 39.334815 39.600765 39.605691 39.904902 40.199557
13.840000 39.126578 39.469207 39.716895 39.735898 40.032662 40.337964
13.880000 39.271381 39.588966 39.834620 39.859746 40.149124 40.480322
13.920000 39.418479 39.700365 39.958751 39.979684 40.282025 40.588572
13.960000 39.561918 39.807863 40.070636 40.094068 40.387253 40.691671
14.000000 39.701885 39.912918 40.192439 40.208841 40.515116 40.812644
14.040000 39.820248 40.030656 40.308489 40.322738 40.628884 40.936158
14.080000 39.913535 40.132952 40.420513 40.438300 40.734258 41.066342
14.120000 40.030189 40.250238 40.546313 40.561439 40.874031 41.183991
14.160000 40.138794 40.360378 40.674689 40.684846 41.007847 41.315025
14.200000 40.251436 40.476028 40.802105 40.817755 41.152360 41.483526
14.240000 40.380643 40.605486 40.922976 40.954505 41.320753 41.603642
14.280000 40.496943 40.746973 41.070484 41.090415 41.445842 41.745920
14.320000 40.636377 40.877509 41.216722 41.227835 41.590303 41.855840
14.360000 40.749029 41.012300 41.357253 41.368805 41.734037 41.998261
14.390000 40.845178 41.127081 41.473878 41.474334 41.829738 42.119054
14.400000 40.876212 41.160332 41.506435 41.509809 41.872721 42.151385
14.440000 41.032871 41.311666 41.693342 41.674091 42.034735 42.310943
14.480000 41.202607 41.492911 41.851655 41.844115 42.188183 42.449415
14.520000 41.398499 41.694555 42.061284 42.032648 42.356126 42.614656
14.560000 41.596251 41.912083 42.238167 42.217974 42.506132 42.782525
14.600000 41.784240 42.125362 42.418534 42.404506 42.683711 42.965613
14.640000 42.009780 42.328134 42.595528 42.591454 42.861254 43.156904
14.680000 42.302368 42.525867 42.780321 42.790789 43.053786 43.384996
14.720000 42.500914 42.710422 42.946255 42.975294 43.257685 43.578684
14.740000 42.598514 42.786711 43.014393 43.050621 43.341339 43.619830
14.760000 42.666883 42.870707 43.101316 43.135641 43.430814 43.702449
14.800000 42.857267 43.096305 43.334032 43.379474 43.692126 43.989116
14.815000 42.922188 43.159247 43.413480 43.445132 43.755428 44.062625
14.830000 42.971055 43.209212 43.481107 43.504364 43.813878 44.111413
14.840000 43.004017 43.244238 43.518807 43.542040 43.845107 44.155267
14.880000 43.167620 43.426518 43.742500 43.749225 44.074137 44.419420
14.920000 43.334938 43.610383 43.956238 43.961915 44.319543 44.673706
14.960000 43.495474 43.823214 44.183846 44.194736 44.576003 44.942290
15.000000 43.641090 44.008967 44.428951 44.424538 44.816307 45.190286
15.040000 43.882315 44.276233 44.653671 44.659782 45.045097 45.456843
15.080000 44.136153 44.493041 44.890890 44.895255 45.297056 45.662138
15.120000 44.391264 44.751377 45.110893 45.129249 45.501122 45.909371
15.160000 44.574975 45.005684 45.411527 45.397196 45.797173 46.251572
15.200000 44.780309 45.269822 45.711099 45.709316 46.124177 46.558419
15.240000 45.107016 45.544736 46.029610 46.025716 46.508622 46.904726
15.280000 45.341381 45.786196 46.342368 46.324083 46.823403 47.235009
15.320000 45.575776 46.012296 46.697642 46.640802 47.184089 47.619896
15.350000 45.745088 46.179658 46.881614 46.818300 47.368602 47.804419
15.360000 45.779620 46.216831 46.924036 46.860030 47.424341 47.880523
15.400000 45.946495 46.381373 47.127684 47.058675 47.587877 48.128396
15.405000 45.968588 46.395721 47.142819 47.076272 47.604267 48.141808
15.440000 46.148394 46.576680 47.249282 47.207626 47.706096 48.202880
15.460000 46.228940 46.659623 47.308903 47.273929 47.766895 48.252041
15.480000 46.293750 46.741408 47.361968 47.339436 47.831694 48.316200
15.520000 46.435358 46.924749 47.490931 47.477957 47.954466 48.482195
15.560000 46.576529 47.078834 47.624912 47.616022 48.090499 48.667584
15.600000 46.686107 47.240799 47.772589 47.758077 48.241024 48.823810
15.640000 46.794352 47.351670 47.916192 47.890221 48.402308 49.061122
15.680000 46.921754 47.480851 48.029625 48.024299 48.576192 49.266331
15.720000 47.079887 47.608706 48.150094 48.163884 48.718626 49.589761
15.760000 47.180555 47.695010 48.276312 48.303386 48.902004 49.876433
15.800000 47.278578 47.808240 48.390609 48.441051 49.093958 50.093092
15.815000 47.310696 47.850197 48.434349 48.487855 49.150890 50.171344
15.840000 47.374850 47.915608 48.514097 48.571449 49.237223 50.284309
15.880000 47.491656 48.031530 48.649073 48.711542 49.402451 50.439910
15.920000 47.563004 48.139975 48.773881 48.850033 49.555484 50.712214
15.960000 47.703860 48.233615 48.893992 48.986429 49.725714 50.840531
15.980000 47.747437 48.277719 48.953907 49.050984 49.803122 50.916291
16.000000 47.792466 48.337714 49.035319 49.113715 49.874056 51.001398
