age(kyr) mean(permil) sigma(permil)
0.000000 3.305799 0.159650
0.100000 3.305194 0.158267
0.200000 3.304590 0.156893
0.300000 3.303992 0.155572
0.400000 3.303450 0.154274
0.500000 3.302978 0.153038
0.600000 3.302604 0.151851
0.700000 3.302413 0.150744
0.800000 3.302527 0.149764
0.900000 3.302963 0.148892
1.000000 3.303754 0.148142
1.100000 3.304849 0.147509
1.200000 3.306150 0.147007
1.300000 3.307753 0.146712
1.400000 3.309518 0.146570
1.500000 3.311316 0.146513
1.600000 3.312887 0.146456
1.700000 3.314185 0.146391
1.800000 3.314968 0.146397
1.900000 3.315566 0.146436
2.000000 3.315989 0.146460
2.100000 3.316263 0.146472
2.200000 3.316589 0.146450
2.300000 3.316843 0.146419
2.400000 3.316719 0.146351
2.500000 3.316426 0.146268
2.600000 3.316081 0.146145
2.700000 3.315387 0.146019
2.800000 3.314371 0.145930
2.900000 3.313049 0.145848
3.000000 3.311281 0.145799
3.100000 3.309469 0.145774
3.200000 3.307545 0.145800
3.300000 3.305537 0.145914
3.400000 3.303500 0.146021
3.500000 3.301240 0.146155
3.600000 3.298637 0.146233
3.700000 3.295856 0.146301
3.800000 3.292905 0.146405
3.900000 3.289701 0.146502
4.000000 3.286431 0.146598
4.100000 3.283092 0.146616
4.200000 3.279542 0.146518
4.300000 3.275755 0.146280
4.400000 3.271923 0.145901
4.500000 3.268068 0.145366
4.600000 3.264208 0.144691
4.700000 3.260567 0.143885
4.800000 3.257041 0.142938
4.900000 3.253640 0.141915
5.000000 3.250511 0.140836
5.100000 3.247473 0.139682
5.200000 3.244676 0.138425
5.300000 3.242488 0.137168
5.400000 3.240801 0.135927
5.500000 3.239551 0.134643
5.600000 3.238900 0.133420
5.700000 3.239179 0.132357
5.800000 3.240721 0.131594
5.900000 3.243322 0.130953
6.000000 3.247044 0.130303
6.100000 3.251603 0.129638
6.200000 3.256822 0.129025
6.300000 3.262791 0.128687
6.400000 3.269821 0.128424
6.500000 3.277870 0.128227
6.600000 3.286525 0.128092
6.700000 3.295632 0.128236
6.800000 3.305831 0.128858
6.900000 3.316869 0.129780
7.000000 3.328191 0.130900
7.100000 3.339887 0.132157
7.200000 3.352220 0.133596
7.300000 3.364785 0.135352
7.400000 3.376924 0.137498
7.500000 3.389143 0.139933
7.600000 3.401518 0.142636
7.700000 3.413623 0.145506
7.800000 3.424828 0.148273
7.900000 3.435449 0.150610
8.000000 3.445603 0.152772
8.100000 3.455063 0.155071
8.200000 3.463953 0.157699
8.300000 3.472974 0.160700
8.400000 3.482097 0.164031
8.500000 3.491052 0.167785
8.600000 3.500358 0.172034
8.700000 3.510139 0.176839
8.800000 3.520528 0.182205
8.900000 3.531596 0.187853
9.000000 3.543487 0.193194
9.100000 3.555811 0.197689
9.200000 3.568631 0.201340
9.300000 3.582222 0.204153
9.400000 3.596477 0.205380
9.500000 3.611577 0.204349
9.600000 3.627199 0.201769
9.700000 3.643414 0.198346
9.800000 3.660518 0.194502
9.900000 3.678603 0.191098
10.000000 3.697800 0.188686
10.100000 3.718112 0.187250
10.200000 3.739664 0.186476
10.300000 3.763020 0.186072
10.400000 3.787341 0.185984
10.500000 3.812023 0.186190
10.600000 3.836783 0.186120
10.700000 3.861239 0.186372
10.800000 3.885149 0.187255
10.900000 3.908868 0.188147
11.000000 3.932297 0.188772
11.100000 3.955500 0.189224
11.200000 3.978499 0.189551
11.300000 4.001267 0.189431
11.400000 4.023478 0.188613
11.500000 4.045308 0.186903
11.600000 4.066953 0.184366
11.700000 4.088492 0.181691
11.800000 4.109922 0.179500
11.900000 4.131660 0.177907
12.000000 4.153798 0.176504
12.100000 4.176169 0.175011
12.200000 4.198781 0.173675
12.300000 4.221395 0.172849
12.400000 4.243771 0.172620
12.500000 4.265694 0.172977
12.600000 4.286951 0.173797
12.700000 4.307462 0.174726
12.800000 4.326598 0.175223
12.900000 4.344711 0.174987
13.000000 4.361673 0.174040
13.100000 4.377952 0.172795
13.200000 4.393537 0.171797
13.300000 4.408270 0.171281
13.400000 4.422331 0.170905
13.500000 4.435682 0.170261
13.600000 4.448437 0.169247
13.700000 4.460404 0.168066
13.800000 4.471421 0.166950
13.900000 4.481678 0.165964
14.000000 4.491498 0.165091
14.100000 4.500942 0.164141
14.200000 4.510204 0.163128
14.300000 4.519520 0.162206
14.400000 4.528802 0.161434
14.500000 4.538472 0.160713
14.600000 4.548670 0.159916
14.700000 4.559547 0.158969
14.800000 4.571131 0.158062
14.900000 4.583591 0.157284
15.000000 4.596474 0.156533
15.100000 4.609465 0.155577
15.200000 4.622396 0.154435
15.300000 4.635249 0.153045
15.400000 4.647949 0.151308
15.500000 4.660575 0.149283
15.600000 4.673126 0.147035
15.700000 4.685446 0.144714
15.800000 4.697460 0.142373
15.900000 4.708792 0.140009
16.000000 4.719608 0.137810
16.100000 4.730118 0.135840
16.200000 4.740768 0.134060
16.300000 4.751412 0.132488
16.400000 4.761971 0.131252
16.500000 4.772092 0.130336
16.600000 4.781938 0.129527
16.700000 4.791132 0.128616
16.800000 4.799722 0.127731
16.900000 4.808045 0.126829
17.000000 4.816221 0.126027
17.100000 4.824427 0.125418
17.200000 4.832639 0.124741
17.300000 4.840589 0.123440
17.400000 4.848377 0.121338
17.500000 4.855910 0.118771
17.600000 4.862955 0.115829
17.700000 4.869584 0.112521
17.800000 4.875604 0.109210
17.900000 4.881209 0.106458
18.000000 4.886930 0.104379
18.100000 4.892467 0.103425
18.200000 4.897583 0.103377
18.300000 4.902468 0.104119
18.400000 4.906606 0.104957
18.500000 4.909411 0.105018
18.600000 4.911485 0.103959
18.700000 4.912731 0.102628
18.800000 4.912120 0.101347
18.900000 4.910265 0.100201
19.000000 4.907253 0.099395
19.100000 4.903532 0.098455
19.200000 4.899359 0.097394
19.300000 4.895111 0.096762
19.400000 4.891203 0.096307
19.500000 4.888261 0.095626
19.600000 4.886171 0.094784
19.700000 4.885271 0.094057
19.800000 4.886289 0.093686
19.900000 4.888976 0.093593
20.000000 4.892801 0.093681
20.100000 4.897189 0.093767
20.200000 4.901797 0.093919
20.300000 4.906039 0.094471
20.400000 4.909394 0.095294
20.500000 4.911746 0.096351
20.600000 4.913151 0.097539
20.700000 4.913134 0.099027
20.800000 4.911438 0.101031
20.900000 4.908193 0.103303
21.000000 4.903323 0.105955
21.100000 4.897288 0.108555
21.200000 4.890565 0.110999
21.300000 4.882849 0.113534
21.400000 4.874903 0.116334
21.500000 4.867135 0.119631
21.600000 4.859672 0.122924
21.700000 4.852793 0.125592
21.800000 4.846783 0.127596
21.900000 4.841330 0.128861
22.000000 4.836623 0.129286
22.100000 4.832568 0.128867
22.200000 4.828649 0.127603
22.300000 4.825340 0.126001
22.400000 4.822693 0.124290
22.500000 4.820030 0.122566
22.600000 4.817481 0.120799
22.700000 4.815124 0.119041
22.800000 4.812189 0.117473
22.900000 4.808653 0.116278
23.000000 4.804657 0.115426
23.100000 4.800341 0.114804
23.200000 4.796053 0.114403
23.300000 4.791952 0.114248
23.400000 4.788045 0.114334
23.500000 4.785022 0.114163
23.600000 4.782439 0.113214
23.700000 4.780165 0.111664
23.800000 4.779034 0.109797
23.900000 4.778673 0.107479
24.000000 4.778783 0.104888
24.100000 4.778889 0.102276
24.200000 4.778898 0.100041
24.300000 4.778333 0.098555
24.400000 4.777627 0.097764
24.500000 4.776468 0.097485
24.600000 4.775513 0.097500
24.700000 4.774903 0.097630
24.800000 4.774940 0.097739
24.900000 4.775354 0.097555
25.000000 4.776314 0.097139
25.100000 4.777593 0.096522
25.200000 4.778998 0.095994
25.300000 4.780379 0.095711
25.400000 4.781398 0.095118
25.500000 4.781931 0.094036
25.600000 4.781978 0.092470
25.700000 4.781432 0.090786
25.800000 4.780155 0.089350
25.900000 4.778413 0.088332
26.000000 4.776307 0.087823
26.100000 4.773859 0.087737
26.200000 4.771241 0.088425
26.300000 4.768036 0.090056
26.400000 4.764410 0.092201
26.500000 4.760101 0.094736
26.600000 4.755059 0.097240
26.700000 4.749323 0.099590
26.800000 4.743057 0.101739
26.900000 4.736426 0.103222
27.000000 4.729782 0.104047
27.100000 4.723599 0.104415
27.200000 4.717800 0.104872
27.300000 4.712346 0.105737
27.400000 4.707110 0.106686
27.500000 4.701951 0.107644
27.600000 4.696835 0.108837
27.700000 4.691680 0.110629
27.800000 4.686429 0.113063
27.900000 4.681306 0.115650
28.000000 4.676594 0.118255
28.100000 4.672092 0.120721
28.200000 4.668059 0.122734
28.300000 4.664415 0.124561
28.400000 4.660975 0.126503
28.500000 4.657605 0.128230
28.600000 4.654301 0.129326
28.700000 4.650768 0.129782
28.800000 4.647469 0.129219
28.900000 4.644387 0.127562
29.000000 4.641467 0.124780
29.100000 4.638482 0.121222
29.200000 4.635614 0.118074
29.300000 4.632999 0.115674
29.400000 4.630719 0.113394
29.500000 4.628685 0.111380
29.600000 4.626923 0.109723
29.700000 4.625355 0.108574
29.800000 4.623672 0.107907
29.900000 4.621624 0.107402
30.000000 4.619322 0.106858
30.100000 4.616684 0.105962
30.200000 4.613758 0.104883
30.300000 4.610319 0.103847
30.400000 4.606356 0.102962
30.500000 4.601487 0.102680
30.600000 4.596138 0.103135
30.700000 4.589949 0.104223
30.800000 4.582676 0.105934
30.900000 4.574228 0.108172
31.000000 4.564926 0.111085
31.100000 4.555245 0.114626
31.200000 4.545385 0.118445
31.300000 4.535445 0.121995
31.400000 4.526287 0.124853
31.500000 4.518169 0.127019
31.600000 4.510629 0.129020
31.700000 4.504044 0.130459
31.800000 4.498904 0.131123
31.900000 4.494549 0.131580
32.000000 4.490869 0.131797
32.100000 4.487675 0.131552
32.200000 4.484851 0.131390
32.300000 4.482016 0.131864
32.400000 4.479247 0.132862
32.500000 4.476453 0.134084
32.600000 4.473412 0.135133
32.700000 4.470189 0.135375
32.800000 4.467095 0.135042
32.900000 4.464078 0.134538
33.000000 4.461075 0.133883
33.100000 4.458133 0.132876
33.200000 4.455321 0.131375
33.300000 4.452889 0.129447
33.400000 4.450997 0.127069
33.500000 4.449284 0.124130
33.600000 4.447915 0.121228
33.700000 4.446614 0.118400
33.800000 4.445392 0.115768
33.900000 4.444088 0.113356
34.000000 4.443249 0.111188
34.100000 4.442692 0.109155
34.200000 4.442154 0.107169
34.300000 4.441037 0.105151
34.400000 4.439266 0.102965
34.500000 4.436623 0.100658
34.600000 4.433131 0.098399
34.700000 4.429263 0.096483
34.800000 4.425605 0.095344
34.900000 4.422368 0.094502
35.000000 4.419422 0.093781
35.100000 4.416869 0.092831
35.200000 4.414965 0.091894
35.300000 4.413932 0.091444
35.400000 4.413879 0.091559
35.500000 4.415047 0.092157
35.600000 4.417402 0.092889
35.700000 4.420611 0.093761
35.800000 4.424801 0.094700
35.900000 4.429155 0.095856
36.000000 4.433485 0.097291
36.100000 4.437710 0.098823
36.200000 4.441908 0.100612
36.300000 4.445856 0.102694
36.400000 4.449564 0.104649
36.500000 4.453500 0.106183
36.600000 4.457362 0.107329
36.700000 4.461052 0.108242
36.800000 4.464232 0.109091
36.900000 4.467236 0.109956
37.000000 4.469640 0.110837
37.100000 4.471686 0.111743
37.200000 4.473021 0.112586
37.300000 4.473821 0.113469
37.400000 4.474622 0.114284
37.500000 4.475107 0.115095
37.600000 4.475419 0.115755
37.700000 4.475603 0.116235
37.800000 4.475635 0.116743
37.900000 4.475187 0.117227
38.000000 4.474306 0.117724
38.100000 4.473033 0.118182
38.200000 4.471488 0.118612
38.300000 4.469653 0.119145
38.400000 4.467376 0.119629
38.500000 4.465085 0.120106
38.600000 4.462714 0.120543
38.700000 4.460310 0.120861
38.800000 4.457646 0.121053
38.900000 4.454926 0.121096
39.000000 4.452288 0.121107
39.100000 4.449599 0.121029
39.200000 4.447148 0.120886
39.300000 4.445210 0.120875
39.400000 4.443800 0.121058
39.500000 4.442705 0.121246
39.600000 4.441925 0.121381
39.700000 4.441562 0.121475
39.800000 4.441639 0.121424
39.900000 4.441945 0.121199
40.000000 4.442531 0.121018
40.100000 4.443380 0.120929
40.200000 4.444085 0.120818
40.300000 4.444660 0.120637
40.400000 4.445004 0.120384
40.500000 4.445221 0.120081
40.600000 4.445312 0.119627
40.700000 4.445172 0.119006
40.800000 4.444588 0.118430
40.900000 4.443730 0.117949
41.000000 4.442290 0.117565
41.100000 4.440380 0.117320
41.200000 4.438250 0.117102
41.300000 4.435695 0.116890
41.400000 4.432734 0.116627
41.500000 4.429721 0.116383
41.600000 4.426855 0.116146
41.700000 4.424020 0.115796
41.800000 4.421472 0.115294
41.900000 4.419167 0.114578
42.000000 4.416796 0.113723
42.100000 4.414407 0.112805
42.200000 4.412230 0.111832
42.300000 4.410318 0.110829
42.400000 4.408475 0.109759
42.500000 4.406458 0.108575
42.600000 4.404289 0.107382
42.700000 4.401980 0.106333
42.800000 4.399604 0.105392
42.900000 4.397452 0.104506
43.000000 4.396004 0.103593
43.100000 4.395006 0.102663
43.200000 4.394134 0.101707
43.300000 4.393210 0.100838
43.400000 4.392480 0.100048
43.500000 4.392043 0.099506
43.600000 4.391694 0.099135
43.700000 4.391625 0.098865
43.800000 4.391842 0.098722
43.900000 4.391845 0.098714
44.000000 4.391498 0.098741
44.100000 4.390987 0.098658
44.200000 4.390162 0.098515
44.300000 4.389203 0.098359
44.400000 4.388256 0.098321
44.500000 4.386927 0.098386
44.600000 4.385360 0.098527
44.700000 4.383963 0.098710
44.800000 4.382790 0.099107
44.900000 4.382193 0.099614
45.000000 4.381899 0.100243
45.100000 4.381804 0.100739
45.200000 4.381686 0.101148
45.300000 4.381066 0.101671
45.400000 4.379962 0.102198
45.500000 4.378779 0.102615
45.600000 4.377422 0.103023
45.700000 4.375988 0.103423
45.800000 4.374554 0.103689
45.900000 4.373044 0.103956
46.000000 4.371377 0.104323
46.100000 4.369674 0.104613
46.200000 4.367540 0.104821
46.300000 4.365322 0.104869
46.400000 4.362843 0.104912
46.500000 4.360254 0.105076
46.600000 4.357607 0.105251
46.700000 4.354855 0.105497
46.800000 4.352113 0.105969
46.900000 4.348758 0.106558
47.000000 4.345287 0.107163
47.100000 4.341606 0.107881
47.200000 4.338066 0.108496
47.300000 4.334552 0.108838
47.400000 4.331386 0.109047
47.500000 4.328109 0.109398
47.600000 4.324980 0.109799
47.700000 4.322056 0.110260
47.800000 4.318926 0.110884
47.900000 4.316124 0.111376
48.000000 4.313711 0.111681
48.100000 4.311626 0.111848
48.200000 4.309617 0.111975
48.300000 4.307680 0.112145
48.400000 4.305910 0.112337
48.500000 4.304473 0.112396
48.600000 4.303126 0.112333
48.700000 4.302015 0.112195
48.800000 4.301579 0.112048
48.900000 4.301256 0.111891
49.000000 4.300696 0.111716
49.100000 4.300155 0.111515
49.200000 4.299715 0.111272
49.300000 4.298872 0.111119
49.400000 4.298142 0.110981
49.500000 4.297544 0.110884
49.600000 4.296980 0.110784
49.700000 4.296294 0.110775
49.800000 4.295815 0.110754
49.900000 4.294914 0.110779
50.000000 4.294023 0.110879
50.100000 4.293222 0.110942
50.200000 4.292342 0.110959
50.300000 4.291626 0.111045
50.400000 4.291259 0.111089
50.500000 4.291175 0.111139
50.600000 4.290989 0.111141
50.700000 4.290885 0.111071
50.800000 4.290745 0.111049
50.900000 4.290813 0.111061
51.000000 4.290977 0.111136
51.100000 4.291017 0.111266
51.200000 4.291009 0.111538
51.300000 4.290837 0.111936
51.400000 4.290378 0.112511
51.500000 4.289719 0.113183
51.600000 4.289037 0.113887
51.700000 4.288418 0.114623
51.800000 4.288028 0.115403
51.900000 4.287748 0.116162
52.000000 4.287461 0.116903
52.100000 4.287333 0.117606
52.200000 4.287306 0.118265
52.300000 4.287314 0.118976
52.400000 4.287379 0.119685
52.500000 4.287388 0.120397
52.600000 4.287543 0.121107
52.700000 4.287663 0.121864
52.800000 4.287570 0.122694
52.900000 4.287543 0.123629
53.000000 4.287386 0.124596
53.100000 4.287132 0.125578
53.200000 4.286873 0.126551
53.300000 4.286700 0.127556
53.400000 4.286531 0.128604
53.500000 4.286474 0.129657
53.600000 4.286390 0.130692
53.700000 4.286243 0.131766
53.800000 4.286184 0.132905
53.900000 4.286112 0.134126
54.000000 4.286020 0.135430
54.100000 4.285861 0.136761
54.200000 4.285768 0.138092
54.300000 4.285878 0.139406
54.400000 4.285886 0.140733
54.500000 4.285961 0.142084
54.600000 4.286042 0.143447
54.700000 4.286095 0.144811
54.800000 4.286046 0.146229
54.900000 4.286112 0.147652
55.000000 4.286199 0.149081
55.100000 4.286330 0.150493
55.200000 4.286480 0.151889
55.300000 4.286540 0.153311
55.400000 4.286519 0.154753
55.500000 4.286478 0.156193
55.600000 4.286398 0.157636
55.700000 4.286322 0.159091
55.800000 4.286228 0.160562
55.900000 4.286122 0.162031
56.000000 4.285926 0.163476
56.100000 4.285790 0.164908
56.200000 4.285655 0.166324
56.300000 4.285519 0.167724
56.400000 4.285408 0.169125
56.500000 4.285302 0.170511
56.600000 4.285201 0.171888
56.700000 4.285064 0.173248
56.800000 4.284927 0.174595
56.900000 4.284797 0.175939
57.000000 4.284707 0.177283
57.100000 4.284591 0.178625
57.200000 4.284398 0.179940
57.300000 4.284206 0.181247
57.400000 4.284018 0.182547
57.500000 4.283864 0.183828
57.600000 4.283710 0.185107
57.700000 4.283606 0.186384
57.800000 4.283502 0.187649
57.900000 4.283392 0.188909
58.000000 4.283268 0.190177
58.100000 4.283143 0.191434
58.200000 4.283019 0.192681
58.300000 4.282894 0.193917
58.400000 4.282768 0.195153
58.500000 4.282716 0.196382
58.600000 4.282666 0.197602
58.700000 4.282654 0.198808
58.800000 4.282642 0.200004
58.900000 4.282622 0.201201
59.000000 4.282557 0.202400
59.100000 4.282493 0.203590
59.200000 4.282449 0.204777
59.300000 4.282405 0.205954
59.400000 4.282360 0.207124
59.500000 4.282304 0.208293
59.600000 4.282248 0.209453
59.700000 4.282192 0.210606
59.800000 4.282136 0.211751
59.900000 4.282081 0.212889
60.000000 4.282025 0.214019
