depth(m) lower_95(kyr) lower_68(kyr) median(kyr) mean(kyr) upper_68(kyr) upper_95(kyr)
0.575000 1.188089 1.413027 1.670120 1.683783 1.950468 2.262043
0.717857 1.577198 1.861022 2.182261 2.254504 2.637873 3.384868
0.860714 1.914786 2.280422 2.738658 2.827378 3.412050 4.197120
1.003571 2.327081 2.735854 3.381611 3.421710 4.111542 4.885152
1.146429 2.724126 3.283245 4.074333 4.040572 4.732028 5.322151
1.289286 3.309170 4.000002 4.710562 4.650802 5.277206 5.691344
1.432143 4.090193 4.839893 5.369707 5.302693 5.752654 6.077377
1.575000 5.580659 5.771968 6.001087 6.011183 6.232443 6.572405
1.687500 6.098253 6.445992 7.194498 7.208603 7.968141 8.344134
1.800000 7.971940 8.211043 8.455304 8.464608 8.723587 8.969029
1.925000 8.629376 8.914713 9.439318 9.598808 10.435460 11.079145
2.050000 9.287126 9.989316 10.864078 10.749154 11.418608 11.820981
2.175000 11.123588 11.430820 11.785920 11.766151 12.082110 12.386076
2.319000 11.496933 11.885266 12.319171 12.339680 12.752356 13.371777
2.463000 11.908100 12.324719 12.804335 12.842518 13.391919 13.992848
2.607000 12.265510 12.726899 13.280466 13.318801 13.916217 14.564628
2.751000 12.641289 13.122256 13.783730 13.789161 14.452410 15.129260
2.895000 13.001399 13.561208 14.238726 14.253827 14.947306 15.577686
3.039000 13.382412 14.054816 14.694594 14.705270 15.365540 16.026835
3.183000 13.906137 14.486031 15.141967 15.149816 15.812639 16.436888
3.327000 14.276473 14.935423 15.584457 15.604321 16.302022 16.871485
3.471000 14.786284 15.398519 16.050597 16.059149 16.732245 17.275781
3.615000 15.218742 15.860231 16.548824 16.525392 17.192927 17.640111
3.759000 15.719309 16.335624 17.078618 16.997422 17.625968 17.980276
3.903000 16.142868 16.854684 17.541312 17.459468 18.015477 18.335496
4.047000 16.733724 17.451179 18.019379 17.930534 18.376552 18.717435
4.191000 17.422524 18.090815 18.433146 18.394712 18.729756 19.014379
4.335000 18.318963 18.627429 18.834690 18.837290 19.074461 19.327633
4.480278 18.655896 18.944779 19.214724 19.234132 19.527027 19.905894
4.625556 18.944692 19.255154 19.582600 19.618950 19.978790 20.502096
4.770833 19.284600 19.573925 19.951085 19.994971 20.407701 20.925217
4.916111 19.582292 19.916605 20.326847 20.379108 20.861888 21.385416
5.061389 19.881170 20.258208 20.700644 20.757219 21.274831 21.824876
5.206667 20.187415 20.611580 21.101551 21.133322 21.686057 22.234866
5.351944 20.515429 20.969757 21.489864 21.515066 22.076249 22.612599
5.497222 20.873566 21.365566 21.910760 21.909191 22.482937 23.038432
5.642500 21.246004 21.752209 22.277410 22.297049 22.862124 23.393300
5.787778 21.605016 22.127774 22.672764 22.687759 23.259692 23.765166
5.933056 21.993039 22.506862 23.066613 23.073204 23.636852 24.150081
6.078333 22.366301 22.907697 23.452956 23.451512 23.991076 24.552625
6.223611 22.706204 23.298132 23.833996 23.835433 24.383739 24.875516
6.368889 23.124047 23.658299 24.203965 24.207271 24.781567 25.305900
6.514167 23.520780 24.026336 24.590855 24.583694 25.156479 25.632109
6.659444 23.932864 24.384561 24.961436 24.958552 25.529375 25.993027
6.804722 24.277119 24.822365 25.353076 25.350504 25.901493 26.341123
6.950000 24.643985 25.176559 25.739114 25.734791 26.320043 26.706624
7.095278 25.016510 25.559495 26.118407 26.118005 26.672039 27.167248
7.240556 25.444259 25.967174 26.485301 26.508673 27.074556 27.548039
7.385833 25.849831 26.352980 26.887743 26.914731 27.510781 28.025497
7.531111 26.195699 26.721908 27.314400 27.308352 27.895693 28.423598
7.676389 26.581984 27.089513 27.684777 27.691917 28.274078 28.841421
7.821667 26.937145 27.454613 28.071290 28.067368 28.627520 29.222355
7.966944 27.343990 27.829070 28.423434 28.431090 28.993976 29.612184
8.112222 27.665500 28.231609 28.799746 28.807218 29.398662 29.955264
8.257500 28.069491 28.616390 29.178097 29.187418 29.755474 30.312325
8.402778 28.398639 28.977918 29.558155 29.565709 30.161999 30.637571
8.548056 28.767945 29.371256 29.922185 29.936197 30.509073 30.994587
8.693333 29.165586 29.764089 30.308723 30.312929 30.874966 31.302290
8.838611 29.588878 30.106254 30.713196 30.674635 31.231197 31.650930
8.983889 30.003201 30.511642 31.073995 31.046238 31.585382 32.032447
9.129167 30.381228 30.873557 31.442809 31.412393 31.917080 32.332642
9.274444 30.779661 31.311585 31.813650 31.774443 32.220249 32.602490
9.419722 31.354088 31.745676 32.183368 32.154233 32.537954 32.938875
9.565000 31.846168 32.183687 32.552760 32.547179 32.884853 33.304357
9.707857 32.188885 32.596048 33.006480 33.049788 33.502089 34.138255
9.850714 32.558801 32.988445 33.499657 33.553457 34.152285 34.792563
9.993571 32.941866 33.414177 34.042408 34.054149 34.679024 35.273734
10.136429 33.327308 33.931804 34.571816 34.575770 35.253590 35.768984
10.279286 33.772378 34.498642 35.114077 35.091744 35.685150 36.167126
10.422143 34.525848 35.064056 35.605679 35.580374 36.093353 36.507514
10.565000 35.145777 35.590277 36.079602 36.045064 36.473345 36.956026
10.704000 35.427786 35.918383 36.402684 36.387839 36.841807 37.268082
10.843000 35.699133 36.233945 36.707906 36.719030 37.195797 37.703215
10.982000 36.050267 36.533740 37.031418 37.046938 37.552409 38.105347
11.121000 36.389846 36.835901 37.368582 37.368708 37.873689 38.437719
11.260000 36.710737 37.163473 37.679192 37.690078 38.218485 38.758678
11.399000 36.964214 37.491501 37.981605 37.999023 38.518888 39.081974
11.538000 37.316846 37.799281 38.322311 38.319503 38.831585 39.370478
11.677000 37.699992 38.142743 38.646792 38.645562 39.152949 39.643219
11.816000 38.055597 38.469386 38.965921 38.970054 39.475785 39.986196
11.955000 38.429900 38.828197 39.323938 39.328090 39.832861 40.327318
