depth(m) lower_95(kyr) lower_68(kyr) median(kyr) mean(kyr) upper_68(kyr) upper_95(kyr)
0.020000 0.750469 0.993902 1.271764 1.275923 1.545319 1.829397
0.040000 0.818145 1.052707 1.327191 1.331624 1.605542 1.874976
0.060000 0.903871 1.108625 1.382092 1.391392 1.665147 1.956135
0.080000 0.953575 1.163327 1.447685 1.456665 1.730709 2.036623
0.100000 1.004184 1.220922 1.516878 1.524735 1.800817 2.124613
0.160000 1.145317 1.408991 1.738102 1.838014 2.323611 3.030644
0.200000 1.234302 1.493557 1.865948 2.005156 2.577500 3.516121
0.220000 1.272963 1.543738 1.926482 2.071927 2.657864 3.647462
0.240000 1.306026 1.588755 1.986574 2.139120 2.728425 3.823754
0.260000 1.341599 1.640217 2.051602 2.207071 2.819924 3.946147
0.280000 1.387649 1.691290 2.116573 2.275272 2.883993 4.134295
0.360000 1.535303 1.864013 2.436004 2.762783 3.807141 5.403607
0.400000 1.611107 1.953846 2.589553 2.934977 4.013653 5.744914
0.440000 1.691657 2.057587 2.734882 3.106265 4.249831 6.097588
0.460000 1.728655 2.113671 2.798803 3.177277 4.346415 6.171571
0.500000 1.835170 2.226162 3.010367 3.347181 4.564378 6.391296
0.580000 2.006912 2.451872 3.659841 3.894873 5.451948 7.286729
0.620000 2.070915 2.541741 3.853038 4.075380 5.720365 7.523302
0.680000 2.186321 2.677317 4.171812 4.405761 6.248084 7.919721
0.700000 2.225904 2.737146 4.250616 4.475043 6.331173 7.996154
0.720000 2.254876 2.803084 4.303680 4.549872 6.435283 8.066311
0.760000 2.338161 2.937344 4.470528 4.728024 6.693989 8.376304
0.780000 2.409788 2.993429 4.529158 4.803475 6.789147 8.422124
0.850000 2.733893 3.265980 4.917530 5.251403 7.403125 9.261788
0.870000 2.802852 3.337326 4.987960 5.326550 7.467165 9.335510
0.890000 2.850447 3.408969 5.060651 5.399038 7.517835 9.436146
0.960000 3.152973 3.806483 5.489073 5.774569 7.902757 9.627614
1.075000 4.042048 5.190362 6.620269 6.767446 8.535852 10.125690
1.190000 5.266741 6.278840 7.623796 7.728311 9.279772 10.547465
1.293333 6.044956 7.276101 8.492725 8.525962 9.900621 10.967782
1.396667 7.081285 8.200126 9.324812 9.309862 10.554740 11.398582
1.500000 7.990742 9.093687 10.131251 10.086097 11.082836 11.743430
1.640000 9.090756 10.608060 11.507808 11.349377 12.094228 12.772276
1.660000 9.177856 10.688604 11.580450 11.422876 12.178368 12.883297
1.680000 9.226358 10.772378 11.639347 11.491102 12.228252 12.918511
1.700000 9.280666 10.824552 11.703403 11.556507 12.282900 12.981721
1.720000 9.362533 10.875411 11.766529 11.618324 12.343404 13.027177
1.740000 9.421536 10.957865 11.821382 11.681859 12.410125 13.086488
1.840000 10.241340 11.552660 12.213254 12.147442 12.783810 13.617318
1.940000 10.799518 11.893613 12.466964 12.503266 13.202526 14.351174
1.960000 10.850052 11.945923 12.509051 12.552133 13.254238 14.397881
2.090000 11.295392 12.213114 12.729232 12.829032 13.549807 14.746393
2.220000 11.663173 12.479267 12.955767 13.091637 13.838732 15.136247
2.350000 11.972422 12.717097 13.183123 13.347141 14.094367 15.421727
2.480000 12.315374 12.957849 13.395579 13.591858 14.331375 15.707615
2.610000 12.604762 13.158590 13.635245 13.827775 14.532600 15.918873
2.740000 12.861419 13.399765 13.875206 14.063672 14.759828 16.141575
2.860000 13.122303 13.613937 14.110496 14.285219 14.982781 16.431097
2.880000 13.154086 13.657020 14.162182 14.327262 15.026250 16.472638
2.900000 13.200761 13.699613 14.212509 14.370078 15.056197 16.516553
2.920000 13.253921 13.732468 14.251675 14.412562 15.078023 16.556884
2.940000 13.297933 13.770465 14.290527 14.454239 15.117094 16.587438
2.960000 13.333128 13.809746 14.332044 14.495829 15.150017 16.613581
2.980000 13.375864 13.846195 14.368326 14.534021 15.213721 16.653722
3.000000 13.422226 13.891549 14.399701 14.571040 15.244000 16.688975
3.100000 13.606536 14.053767 14.547612 14.724578 15.417293 16.857221
3.160000 13.695006 14.148405 14.640420 14.821586 15.496276 16.936087
3.200000 13.749372 14.208789 14.712876 14.893434 15.574469 17.016908
3.335385 13.976957 14.452358 14.932352 15.103307 15.832935 17.191242
3.470769 14.135476 14.649468 15.144529 15.312246 16.047913 17.355741
3.606154 14.337619 14.825560 15.342596 15.511811 16.265278 17.504176
3.741538 14.528180 15.021926 15.570005 15.713563 16.493674 17.645145
3.876923 14.742329 15.213194 15.779624 15.924015 16.681888 17.810169
4.012308 14.950492 15.407617 16.000991 16.136293 16.879142 17.972190
4.147692 15.155370 15.616477 16.206325 16.345703 17.105045 18.230931
4.283077 15.356910 15.792804 16.427760 16.551100 17.289485 18.411581
4.418462 15.542048 15.992585 16.659394 16.761379 17.525932 18.607911
4.553846 15.714714 16.173669 16.874179 16.965141 17.749686 18.840543
4.689231 15.899001 16.334066 17.103672 17.176711 17.953332 19.022253
4.824615 16.098929 16.547705 17.322573 17.384178 18.166741 19.212373
4.960000 16.260482 16.746924 17.547424 17.597970 18.395114 19.402260
5.080000 16.422383 16.922018 17.756726 17.798700 18.638179 19.614467
5.200000 16.593346 17.076261 17.982690 17.998057 18.846037 19.743795
5.320000 16.782237 17.281942 18.161725 18.195751 19.057083 19.969993
5.440000 16.969566 17.459329 18.372049 18.393837 19.253792 20.138945
5.500000 17.071259 17.574257 18.480210 18.506314 19.364663 20.258487
5.626667 17.259974 17.792235 18.705676 18.730211 19.596656 20.439643
5.753333 17.440873 18.009939 18.918408 18.952814 19.810552 20.616827
5.880000 17.649886 18.266635 19.164733 19.181807 20.058671 20.796091
5.993333 17.832169 18.465021 19.389895 19.400825 20.281375 20.958322
6.106667 18.003475 18.674892 19.600881 19.606152 20.522793 21.147884
6.220000 18.142809 18.902978 19.796812 19.814408 20.762739 21.343540
6.330000 18.347598 19.134737 20.032102 20.025794 20.956242 21.515160
6.440000 18.548216 19.334575 20.252433 20.238224 21.148533 21.699599
6.550000 18.692337 19.564445 20.451679 20.439178 21.352419 21.844119
6.660000 18.946119 19.781095 20.674257 20.647156 21.559493 22.030409
6.670000 18.960406 19.799844 20.703495 20.669545 21.580367 22.051637
6.700000 19.031932 19.869941 20.782297 20.739977 21.641384 22.084004
6.720000 19.078625 19.930767 20.838739 20.786171 21.675990 22.124426
6.740000 19.122474 19.974452 20.887812 20.832901 21.706048 22.166526
6.760000 19.169867 20.034106 20.955819 20.880400 21.745550 22.197098
6.780000 19.218410 20.095434 21.004922 20.928952 21.781981 22.222271
6.800000 19.272933 20.169748 21.047945 20.978186 21.816846 22.260475
6.860000 19.430351 20.412987 21.187925 21.135705 21.932225 22.363167
6.900000 19.570407 20.520762 21.295056 21.232554 21.989932 22.418173
6.960000 19.674701 20.733728 21.455668 21.384846 22.099550 22.497594
6.980000 19.762801 20.796210 21.505483 21.435235 22.130153 22.532613
7.000000 19.852542 20.849758 21.557791 21.484463 22.174502 22.565084
7.080000 20.118241 21.105705 21.782191 21.694678 22.303293 22.638799
7.100000 20.224220 21.153029 21.834086 21.748368 22.351311 22.662162
7.120000 20.273447 21.221317 21.888074 21.804052 22.394572 22.698943
7.140000 20.370761 21.307586 21.947629 21.861498 22.433497 22.736808
7.200000 20.890833 21.601091 22.136615 22.085400 22.547795 22.813055
7.220000 20.974626 21.674209 22.187600 22.139989 22.587884 22.858404
7.240000 21.048689 21.743166 22.252217 22.196112 22.630304 22.889215
7.260000 21.131071 21.806232 22.305986 22.248724 22.671274 22.912374
7.280000 21.230307 21.875876 22.359142 22.304279 22.708420 22.937345
7.300000 21.328164 21.955743 22.412644 22.360690 22.750987 22.968732
7.320000 21.414494 22.019963 22.466496 22.419591 22.794674 23.017758
7.340000 21.512530 22.117709 22.534991 22.478652 22.835458 23.055182
7.360000 21.597975 22.197154 22.602500 22.539196 22.878145 23.105426
7.400000 21.889829 22.385479 22.739678 22.682432 22.971436 23.179995
7.420000 21.965637 22.441289 22.794782 22.742012 23.027267 23.230121
7.440000 22.064698 22.494846 22.861664 22.800703 23.076559 23.273395
7.460000 22.134918 22.553997 22.917013 22.858175 23.124702 23.312732
7.500000 22.335489 22.728645 23.020910 22.980128 23.211994 23.411825
7.520000 22.421864 22.790816 23.073619 23.036152 23.264501 23.459449
7.550000 22.512653 22.877260 23.155707 23.121085 23.349586 23.543435
