depth(m) lower_95(kyr) lower_68(kyr) median(kyr) mean(kyr) upper_68(kyr) upper_95(kyr)
0.020000 0.314803 0.568335 0.804705 0.794966 1.010038 1.227717
0.040000 0.397771 0.620459 0.863699 0.852362 1.061970 1.292394
0.060000 0.469757 0.694051 0.928776 0.917928 1.126772 1.345415
0.080000 0.521044 0.763973 1.009470 1.008886 1.229694 1.533590
0.100000 0.568264 0.827147 1.094126 1.103068 1.356598 1.711159
0.120000 0.612116 0.902271 1.177036 1.194687 1.470312 1.885988
0.140000 0.683698 0.970372 1.262565 1.286140 1.584705 2.021197
0.160000 0.753381 1.038654 1.353068 1.378286 1.700382 2.242876
0.180000 0.799210 1.104599 1.451828 1.474002 1.821001 2.428965
0.200000 0.824615 1.159565 1.541303 1.573256 1.963625 2.619344
0.240000 0.902088 1.296960 1.812283 1.889855 2.464141 3.246960
0.260000 0.934425 1.373528 1.910880 1.990960 2.588919 3.461191
0.280000 0.999816 1.428604 2.021570 2.088751 2.726819 3.586579
0.300000 1.046793 1.507863 2.116326 2.185601 2.842049 3.795859
0.320000 1.091112 1.610698 2.238344 2.290817 2.949278 3.911026
0.360000 1.198252 1.873270 2.621431 2.658604 3.405586 4.495633
0.380000 1.231224 1.949985 2.767721 2.773996 3.545494 4.685291
0.400000 1.273328 2.073393 2.883146 2.880862 3.672038 4.773303
0.420000 1.312876 2.180402 3.002714 2.992442 3.783196 4.946494
0.440000 1.353003 2.253969 3.155955 3.100232 3.874596 5.040210
0.460000 1.385029 2.330967 3.294425 3.213785 4.017919 5.165440
0.480000 1.419324 2.429465 3.416641 3.330126 4.142378 5.295186
0.500000 1.453034 2.522624 3.522155 3.441734 4.269253 5.393885
0.520000 1.489356 2.625117 3.629006 3.550196 4.422228 5.490386
0.540000 1.517850 2.722339 3.725916 3.661241 4.547089 5.537439
0.560000 1.548068 2.818939 3.834468 3.773429 4.665762 5.591062
0.580000 1.586064 2.876066 3.950118 3.879970 4.824803 5.743216
0.600000 1.611281 2.975780 4.043558 3.987365 4.973168 5.866423
0.620000 1.661155 3.089304 4.153871 4.098518 5.134338 5.929482
0.640000 1.690671 3.153285 4.279493 4.203063 5.267217 6.057699
0.660000 1.730212 3.238919 4.387678 4.310422 5.439936 6.146699
0.680000 1.775306 3.318026 4.497527 4.409770 5.543870 6.268592
0.700000 1.816171 3.389214 4.606489 4.510799 5.663847 6.385267
0.720000 1.862029 3.457098 4.708661 4.606293 5.795223 6.493292
0.740000 1.917370 3.556628 4.791601 4.695592 5.909561 6.571696
0.760000 1.971472 3.670917 4.887863 4.782280 6.007720 6.626404
0.780000 2.024428 3.727365 4.970800 4.869021 6.081063 6.710556
0.800000 2.119204 3.806387 5.050898 4.954307 6.170708 6.797162
0.840000 2.313079 4.043390 5.302847 5.204162 6.448363 7.102042
0.860000 2.372563 4.107006 5.379889 5.292752 6.554961 7.188872
0.880000 2.436308 4.164742 5.448778 5.380924 6.647986 7.297381
0.900000 2.517564 4.230858 5.540468 5.465962 6.721303 7.361735
0.920000 2.625898 4.307986 5.627790 5.552742 6.800766 7.446128
0.940000 2.712341 4.377479 5.717075 5.637869 6.883521 7.553424
0.960000 2.784141 4.483013 5.792539 5.727635 6.959678 7.634939
0.980000 2.872407 4.610804 5.879465 5.818571 7.014011 7.728078
1.000000 3.021883 4.784084 5.961035 5.910565 7.105082 7.845673
1.020000 3.151808 4.875107 6.058346 6.001690 7.174378 7.911032
1.040000 3.276073 4.973494 6.167049 6.092958 7.249050 8.001595
1.060000 3.364225 5.083027 6.277514 6.185808 7.331087 8.087987
1.080000 3.487045 5.135826 6.369588 6.275806 7.422576 8.134456
1.100000 3.650902 5.275695 6.475657 6.365201 7.500681 8.189069
1.120000 3.822342 5.400955 6.581156 6.456011 7.583929 8.251147
1.140000 3.905853 5.482987 6.680859 6.542530 7.662435 8.290619
1.160000 3.959936 5.571758 6.773036 6.633320 7.769940 8.361015
1.200000 4.352039 5.786117 7.115306 6.900388 7.981037 8.587560
1.220000 4.410754 5.857622 7.219052 6.987089 8.044051 8.653989
1.240000 4.501032 5.924752 7.294294 7.069251 8.113256 8.708269
1.260000 4.619072 6.045253 7.373040 7.151383 8.171421 8.780317
1.280000 4.713981 6.160804 7.449096 7.234679 8.251907 8.830472
1.300000 4.843423 6.257009 7.541847 7.319610 8.321756 8.894388
1.320000 5.020736 6.328855 7.625446 7.404342 8.385494 8.948514
1.340000 5.098997 6.468432 7.682767 7.482171 8.429653 9.008713
1.360000 5.210508 6.600656 7.741549 7.556858 8.489195 9.054893
1.380000 5.297963 6.688875 7.805180 7.630918 8.555036 9.125781
1.400000 5.324382 6.782031 7.855830 7.705204 8.626080 9.213282
1.420000 5.445673 6.875265 7.926928 7.783816 8.692239 9.260020
1.440000 5.535960 6.944206 7.981918 7.856369 8.747361 9.296912
1.460000 5.608321 7.046891 8.032118 7.924451 8.801206 9.333016
1.480000 5.768496 7.142772 8.091052 7.989988 8.882294 9.374269
1.520000 6.044072 7.356290 8.251537 8.153154 8.989282 9.470856
1.560000 6.248796 7.576166 8.399323 8.312587 9.104583 9.565201
1.580000 6.334273 7.665590 8.468033 8.378401 9.160800 9.633508
1.620000 6.534298 7.896176 8.576975 8.527495 9.259727 9.748687
1.640000 6.628989 7.957154 8.644163 8.590140 9.309523 9.800899
1.680000 6.994465 8.149433 8.767491 8.737970 9.419620 9.875251
1.700000 7.091150 8.215253 8.822145 8.795508 9.470818 9.931913
1.720000 7.146903 8.281636 8.873539 8.849451 9.514720 9.966899
1.740000 7.263956 8.326579 8.934351 8.904995 9.561728 10.011543
1.760000 7.345557 8.380624 8.987272 8.958118 9.608553 10.059145
1.780000 7.468294 8.439614 9.039485 9.011825 9.652432 10.095943
1.820000 7.649994 8.569331 9.135934 9.131655 9.758149 10.212527
1.840000 7.707946 8.610156 9.176146 9.182871 9.802467 10.245534
1.860000 7.752446 8.652311 9.223035 9.233184 9.838308 10.307491
1.880000 7.937245 8.696442 9.274211 9.284787 9.886369 10.334577
1.900000 8.002197 8.739963 9.323498 9.334427 9.937940 10.374791
1.920000 8.104695 8.784874 9.361181 9.383732 9.982910 10.429725
1.940000 8.166878 8.821615 9.408047 9.432832 10.035636 10.467327
1.960000 8.256158 8.863382 9.449611 9.480769 10.078370 10.516328
1.980000 8.321984 8.915631 9.487596 9.527763 10.119107 10.571387
2.000000 8.389513 8.959129 9.529438 9.572456 10.156756 10.609339
2.020000 8.450253 9.001193 9.576611 9.617057 10.188007 10.653377
2.040000 8.500864 9.041583 9.621249 9.659416 10.230597 10.687778
2.060000 8.588580 9.088201 9.661222 9.703378 10.270592 10.736517
2.080000 8.649040 9.127423 9.704717 9.748098 10.309508 10.793628
2.100000 8.691677 9.173613 9.761893 9.789813 10.339969 10.829307
2.120000 8.741302 9.214775 9.816034 9.832412 10.377239 10.879168
2.140000 8.775976 9.259754 9.860322 9.873349 10.407788 10.907077
2.160000 8.845157 9.306466 9.909960 9.914934 10.438408 10.959538
2.180000 8.890316 9.355032 9.962894 9.956207 10.478375 11.001373
2.200000 8.939507 9.391123 10.007770 9.998660 10.513119 11.033790
2.220000 9.003434 9.432556 10.053386 10.039515 10.551531 11.082695
2.240000 9.072882 9.492492 10.085009 10.079956 10.589762 11.132707
2.260000 9.127888 9.524384 10.125069 10.119606 10.630231 11.168782
2.280000 9.164732 9.594930 10.168617 10.159426 10.669288 11.202038
2.320000 9.278515 9.685556 10.253909 10.234259 10.725050 11.267915
2.340000 9.319664 9.736607 10.287190 10.272464 10.768184 11.308606
2.360000 9.355720 9.780681 10.338156 10.311695 10.801907 11.339910
2.380000 9.389101 9.819859 10.380115 10.349858 10.836914 11.378127
2.400000 9.424445 9.873528 10.413477 10.388684 10.866829 11.411118
2.420000 9.455489 9.919386 10.450628 10.428128 10.901097 11.455078
2.440000 9.515381 9.972720 10.486675 10.465363 10.937524 11.496401
2.460000 9.568042 10.010273 10.527521 10.503117 10.972193 11.525438
2.480000 9.602217 10.058447 10.566131 10.541454 11.006894 11.547440
2.500000 9.657797 10.108376 10.600356 10.578054 11.037537 11.585952
2.540000 9.734814 10.201825 10.674670 10.645146 11.098412 11.647303
2.620000 9.856429 10.353523 10.776172 10.763368 11.197692 11.739438
2.640000 9.916979 10.384949 10.810531 10.800579 11.233324 11.796040
2.660000 9.953015 10.437145 10.847761 10.837863 11.266074 11.840443
2.680000 9.989155 10.473574 10.889379 10.874688 11.302183 11.870320
2.700000 10.043035 10.517621 10.924836 10.910649 11.341519 11.897570
2.720000 10.090776 10.552470 10.957968 10.946371 11.376310 11.936145
2.740000 10.128492 10.588667 10.997797 10.982303 11.407713 11.965406
2.760000 10.169596 10.629837 11.032559 11.019421 11.439002 11.997704
2.780000 10.198476 10.667209 11.064612 11.054442 11.470665 12.035575
2.800000 10.236231 10.716423 11.094080 11.091256 11.506860 12.064966
2.820000 10.274037 10.755725 11.125701 11.126950 11.531479 12.091320
2.840000 10.310196 10.791350 11.158871 11.161516 11.573275 12.118602
2.860000 10.334186 10.826226 11.186082 11.195334 11.607751 12.147477
2.880000 10.363851 10.868030 11.220485 11.230226 11.642104 12.176723
2.900000 10.405264 10.904647 11.251049 11.264687 11.679228 12.205351
2.920000 10.441544 10.939107 11.289629 11.298217 11.708917 12.231858
2.940000 10.480067 10.975096 11.315330 11.332007 11.744164 12.262404
2.960000 10.520385 11.010296 11.347733 11.366647 11.783786 12.293881
2.980000 10.552588 11.043502 11.379117 11.400814 11.820253 12.310159
3.000000 10.574077 11.079712 11.407222 11.434525 11.852433 12.338189
3.020000 10.608591 11.113477 11.440083 11.468354 11.888927 12.390883
3.040000 10.636037 11.147203 11.475805 11.502712 11.915076 12.416548
3.060000 10.672267 11.183135 11.508945 11.536358 11.945184 12.448766
3.080000 10.714705 11.219340 11.544617 11.570920 11.981143 12.468529
3.100000 10.784935 11.252629 11.581686 11.604600 12.012088 12.492010
3.120000 10.828763 11.289203 11.610420 11.638489 12.042100 12.526250
3.140000 10.851304 11.322229 11.642841 11.671982 12.074742 12.553466
3.160000 10.911275 11.352293 11.680521 11.704658 12.102035 12.577508
3.180000 10.968842 11.383762 11.714264 11.737433 12.137765 12.604939
3.200000 11.014771 11.411884 11.750354 11.771041 12.168174 12.628138
3.220000 11.048248 11.443030 11.781116 11.804920 12.200484 12.659776
3.240000 11.091645 11.469422 11.813606 11.838005 12.231643 12.685864
3.260000 11.125288 11.502001 11.841822 11.870314 12.255382 12.717341
3.280000 11.189642 11.533007 11.875406 11.903909 12.287667 12.745628
3.300000 11.241804 11.566130 11.907908 11.936922 12.316135 12.776540
3.320000 11.278182 11.600355 11.934967 11.970938 12.350566 12.800405
3.340000 11.315524 11.630216 11.971321 12.004348 12.379952 12.832919
3.360000 11.363950 11.665509 12.000056 12.038820 12.413776 12.868736
3.380000 11.401403 11.698817 12.032370 12.073377 12.449961 12.909490
3.400000 11.471439 11.726636 12.074659 12.107948 12.483023 12.943336
3.420000 11.514084 11.758827 12.110258 12.143127 12.521007 12.973426
3.440000 11.543381 11.793217 12.143326 12.177498 12.551645 13.009282
3.460000 11.586161 11.831318 12.180197 12.212299 12.580242 13.043042
3.480000 11.627124 11.858749 12.226493 12.246962 12.613877 13.072042
3.500000 11.667538 11.895589 12.261942 12.283502 12.649569 13.100106
3.520000 11.697823 11.931181 12.297604 12.320370 12.681879 13.138699
3.540000 11.729868 11.966863 12.332480 12.356328 12.721108 13.160100
3.560000 11.757172 12.004572 12.374048 12.392621 12.753031 13.193761
3.580000 11.790020 12.032416 12.412080 12.428879 12.788747 13.234638
3.600000 11.826880 12.064557 12.448572 12.465547 12.821599 13.269588
3.620000 11.845580 12.095990 12.486828 12.500873 12.856315 13.302416
3.640000 11.892192 12.129990 12.521528 12.536074 12.887106 13.341545
3.660000 11.977444 12.168886 12.559645 12.571977 12.920364 13.376572
3.680000 12.004635 12.209708 12.593403 12.608259 12.956805 13.420434
3.700000 12.041851 12.246930 12.629693 12.643973 12.986038 13.444760
3.720000 12.062686 12.285491 12.665454 12.679726 13.021831 13.477795
3.760000 12.114414 12.345549 12.737323 12.745629 13.085946 13.516415
3.780000 12.165684 12.386598 12.773350 12.781404 13.121257 13.555906
3.800000 12.198205 12.419035 12.808367 12.817584 13.153850 13.591661
3.820000 12.227592 12.452318 12.844003 12.852300 13.188036 13.624798
3.840000 12.255909 12.491718 12.880913 12.888925 13.223444 13.656459
3.860000 12.289208 12.529958 12.919495 12.926651 13.258730 13.687675
3.880000 12.310379 12.568350 12.957674 12.963268 13.300113 13.710328
3.900000 12.339964 12.606777 13.005329 13.000177 13.335058 13.744699
3.920000 12.375023 12.642658 13.041611 13.037122 13.371077 13.783372
3.940000 12.417802 12.675810 13.084007 13.074211 13.407326 13.813620
3.960000 12.441811 12.711023 13.119953 13.110562 13.445628 13.848475
3.980000 12.472492 12.754066 13.160526 13.147262 13.481392 13.883385
4.000000 12.508263 12.806709 13.195256 13.184150 13.514783 13.923653
4.010000 12.542447 12.832062 13.217495 13.204931 13.534031 13.936708
4.020000 12.560189 12.855195 13.239873 13.226183 13.562797 13.957476
4.040000 12.604864 12.911450 13.280105 13.267411 13.603947 13.998491
4.060000 12.624685 12.963152 13.319371 13.306640 13.633466 14.035819
4.203333 12.852912 13.197959 13.546870 13.527521 13.840233 14.210501
4.346667 13.033144 13.418074 13.758982 13.743158 14.067690 14.415036
4.490000 13.191899 13.640364 13.968348 13.954539 14.279344 14.588327
4.510000 13.226426 13.678799 14.006657 13.991064 14.313376 14.615659
4.635000 13.417697 13.879244 14.205667 14.186601 14.507762 14.818738
4.760000 13.602904 14.067053 14.402312 14.378556 14.688587 15.004014
4.885000 13.782840 14.252153 14.601983 14.568954 14.882283 15.183878
5.010000 13.969962 14.447229 14.777913 14.760527 15.072550 15.378015
5.113333 14.156831 14.599703 14.947932 14.930861 15.245916 15.576633
5.216667 14.296993 14.766300 15.119873 15.106043 15.442642 15.820071
5.320000 14.474829 14.916700 15.287372 15.282296 15.610308 16.114914
5.435000 14.631129 15.098162 15.458035 15.475023 15.812208 16.359163
5.550000 14.792809 15.273608 15.639819 15.664828 16.011048 16.653200
5.665000 14.962812 15.432480 15.820115 15.857504 16.209894 17.091004
5.780000 15.132964 15.581697 15.994695 16.052456 16.404934 17.401245
5.820000 15.166157 15.653179 16.069822 16.135632 16.497245 17.508912
5.910000 15.374803 15.834560 16.252377 16.367266 16.799744 18.214912
6.000000 15.505811 16.002662 16.443719 16.608074 17.107516 19.240617
6.010000 15.527105 16.021834 16.467224 16.634447 17.132982 19.270042
6.115000 15.760209 16.241053 16.712058 16.977087 17.675601 20.128309
6.220000 15.992421 16.453380 17.019928 17.347923 18.254010 20.654159
6.330000 16.255728 16.724099 17.407091 17.802662 18.902691 21.325183
6.440000 16.490989 17.003584 17.813269 18.249590 19.503712 22.416843
6.460000 16.564248 17.060848 17.880786 18.316314 19.570470 22.505902
6.520000 16.747471 17.244534 18.132726 18.584984 19.819711 22.676838
6.540000 16.832705 17.306307 18.200533 18.653908 19.922094 22.746262
6.560000 16.871315 17.367492 18.265738 18.721850 20.037796 22.933966
6.580000 16.909939 17.423854 18.339056 18.789142 20.090355 23.011838
6.600000 16.940588 17.477748 18.455077 18.860140 20.169703 23.111201
6.620000 17.009695 17.537300 18.533051 18.933583 20.218048 23.310406
6.660000 17.102897 17.683648 18.731339 19.117335 20.429095 23.494308
6.680000 17.172546 17.753931 18.805476 19.192710 20.518346 23.528539
6.740000 17.333303 18.006431 19.329938 19.561686 20.880093 23.814246
6.760000 17.396525 18.087967 19.424309 19.648003 20.965571 23.892518
6.900000 18.321471 19.547377 21.020828 21.109560 22.442370 24.982706
6.960000 18.643244 19.898748 21.361518 21.456162 22.805381 25.290009
6.980000 18.708354 19.962177 21.448783 21.538493 22.901058 25.350809
7.080000 20.037751 21.198187 22.605969 22.634881 23.879045 25.717262
7.180000 21.208280 22.393610 23.648460 23.620553 24.758364 26.175262
7.280000 22.388408 23.505080 24.584886 24.582328 25.675353 26.785545
7.380000 23.373992 24.575090 25.606410 25.544932 26.475703 27.326470
7.460000 23.727353 25.376773 26.256930 26.197947 27.109560 27.815579
7.540000 24.347952 26.161341 26.924648 26.851219 27.701482 28.284463
7.580000 24.490139 26.395635 27.135767 27.063962 27.896666 28.443599
7.620000 24.770958 26.625302 27.359872 27.274266 28.074670 28.598867
7.640000 24.855389 26.725825 27.438095 27.357015 28.159182 28.646680
7.680000 25.460252 26.986411 27.646943 27.582177 28.326033 28.758009
7.700000 25.524325 27.101780 27.730826 27.665958 28.388395 28.812117
7.740000 26.151558 27.357293 27.939706 27.880524 28.524438 28.891639
7.780000 26.524069 27.592362 28.128018 28.084376 28.652008 28.984233
7.800000 26.680734 27.689900 28.203312 28.164885 28.712471 29.027396
7.820000 26.842254 27.794215 28.279069 28.237745 28.753607 29.066043
7.840000 26.901783 27.887235 28.354541 28.315029 28.814315 29.111877
7.860000 27.124252 27.987419 28.439643 28.394263 28.881876 29.153265
7.880000 27.232028 28.066949 28.516848 28.469706 28.936006 29.194557
7.920000 27.710567 28.338101 28.674080 28.652079 29.035845 29.272713
7.940000 27.815734 28.421648 28.741190 28.724750 29.081402 29.312848
7.960000 27.945786 28.494367 28.814474 28.793852 29.129619 29.366362
8.000000 28.346666 28.668870 28.954589 28.950958 29.240095 29.451029
