depth(m) lower_95(kyr) lower_68(kyr) median(kyr) mean(kyr) upper_68(kyr) upper_95(kyr)
0.005000 2.668863 2.968067 3.262252 3.221591 3.456344 3.635560
0.045000 2.792822 3.125021 3.728529 3.725060 4.290191 4.568435
0.085000 2.902346 3.277392 4.068349 3.966649 4.521782 4.821650
0.125000 3.009925 3.411138 4.249849 4.122904 4.662455 4.998519
0.165000 3.124229 3.553651 4.405645 4.261806 4.797873 5.141460
0.205000 3.209376 3.708789 4.552854 4.403240 4.919855 5.322094
0.245000 3.307067 3.827081 4.663242 4.529118 5.041974 5.469735
0.285000 3.405257 3.937263 4.781663 4.649784 5.166386 5.610324
0.325000 3.517574 4.052713 4.897735 4.769270 5.293172 5.737358
0.365000 3.619606 4.195325 5.023767 4.892949 5.404951 5.882186
0.405000 3.723021 4.324406 5.140876 5.014175 5.518414 6.010754
0.445000 3.819549 4.422255 5.268491 5.136840 5.647100 6.155437
0.485000 3.920128 4.562067 5.377352 5.257567 5.779054 6.272344
0.525000 4.052774 4.669427 5.502498 5.381498 5.907623 6.413190
0.565000 4.120696 4.811428 5.613497 5.501039 6.024410 6.522759
0.605000 4.235558 4.958315 5.733225 5.624357 6.147204 6.660466
0.645000 4.357632 5.106092 5.849397 5.745944 6.259588 6.790839
0.685000 4.462474 5.217872 5.972534 5.867852 6.397537 6.899023
0.725000 4.589587 5.360663 6.089972 5.990679 6.505829 7.033939
0.765000 4.735913 5.522171 6.220002 6.114564 6.629701 7.123163
0.805000 4.866389 5.668269 6.329179 6.239065 6.752987 7.246479
0.845000 5.011822 5.783445 6.444575 6.363951 6.887321 7.357611
0.885000 5.146374 5.926935 6.564963 6.489283 7.003956 7.465637
0.925000 5.274135 6.066179 6.691712 6.615727 7.122417 7.577336
0.965000 5.422445 6.194262 6.817471 6.741345 7.267073 7.688332
1.005000 5.569430 6.333382 6.927010 6.869209 7.390138 7.806469
1.045000 5.725074 6.492875 7.045751 6.995773 7.506768 7.920596
1.085000 5.851339 6.658870 7.182931 7.129074 7.635755 8.043342
1.125000 6.019957 6.781855 7.304420 7.260866 7.739701 8.144454
1.165000 6.219789 6.945026 7.442526 7.397828 7.875048 8.283791
1.205000 6.395054 7.104142 7.562005 7.540862 8.018150 8.431726
1.245000 6.541656 7.251946 7.701617 7.681751 8.162281 8.550232
1.285000 6.714193 7.390821 7.863584 7.832720 8.309097 8.706816
1.325000 6.854768 7.523093 8.007421 7.976732 8.458281 8.848792
1.360000 6.974999 7.631898 8.132487 8.100827 8.575828 8.959539
1.405000 7.189967 7.775800 8.306960 8.255125 8.713754 9.123624
1.445000 7.316215 7.907414 8.452395 8.395765 8.858435 9.266584
1.485000 7.473449 8.054187 8.589022 8.534550 8.994021 9.385807
1.525000 7.621471 8.211949 8.719005 8.669764 9.112753 9.505900
1.565000 7.787231 8.343047 8.868908 8.803827 9.237962 9.625362
1.605000 7.928264 8.488331 9.008244 8.938604 9.367143 9.781658
1.645000 8.048589 8.624040 9.145043 9.075513 9.497853 9.901961
1.685000 8.169085 8.746263 9.273653 9.204087 9.618516 10.033675
1.725000 8.291341 8.884201 9.409890 9.337118 9.744515 10.154483
1.765000 8.457898 9.024977 9.534216 9.470014 9.890585 10.264486
1.805000 8.587097 9.160155 9.657819 9.602311 9.999433 10.383625
1.845000 8.766080 9.297888 9.793983 9.736500 10.131009 10.495767
1.885000 8.894377 9.451056 9.916346 9.869667 10.260853 10.606524
1.925000 9.065975 9.609933 10.056270 10.018696 10.395576 10.719608
1.965000 9.265619 9.784178 10.224934 10.176216 10.552946 10.850006
2.005000 9.494571 9.992393 10.373277 10.346316 10.704872 10.998251
2.045000 9.708370 10.202269 10.550303 10.524287 10.858241 11.156658
2.085000 9.961113 10.433305 10.750843 10.728805 11.058027 11.338376
2.125000 10.193929 10.613599 10.943761 10.924577 11.240954 11.501199
2.165000 10.471263 10.831605 11.177852 11.146807 11.453961 11.686850
2.205000 10.693738 11.066753 11.433582 11.403854 11.723556 11.963536
2.245000 10.897662 11.353891 11.728909 11.678905 11.995403 12.220038
2.285000 11.509484 11.767843 12.031405 12.031695 12.287653 12.565389
2.325000 11.693714 11.948955 12.185720 12.198293 12.459710 12.727255
2.365000 11.836422 12.061646 12.310943 12.321303 12.583849 12.861379
2.405000 11.942506 12.184726 12.426179 12.440225 12.696471 12.980912
2.445000 12.089970 12.308345 12.547766 12.562256 12.811070 13.102443
2.485000 12.224479 12.427804 12.669874 12.685888 12.926221 13.220389
2.525000 12.365982 12.577472 12.811257 12.824531 13.067755 13.362095
2.565000 12.551959 12.746875 13.002144 13.008891 13.258757 13.573844
2.605000 12.739433 12.949877 13.220090 13.236860 13.496744 13.901587
2.645000 12.974488 13.266714 13.610947 13.667485 14.090721 14.564268
2.685000 13.444375 13.924852 14.389880 14.337600 14.722937 14.998984
2.725000 14.186787 14.590219 14.875613 14.849475 15.117651 15.330304
2.765000 14.756706 14.977620 15.201451 15.187307 15.385979 15.567157
2.805000 15.023002 15.254736 15.419460 15.414559 15.575752 15.782445
2.845000 15.251689 15.449572 15.613280 15.615358 15.777010 15.991454
2.885000 15.413351 15.616128 15.793211 15.796789 15.975126 16.210569
2.925000 15.598272 15.787396 15.998052 16.022152 16.245681 16.636635
2.965000 15.805977 16.002665 16.243780 16.290956 16.546636 17.146875
3.005000 16.646637 16.958534 17.263098 17.280209 17.561645 17.985839
3.045000 17.221885 17.588827 18.041976 18.048334 18.487958 18.943312
3.085000 17.648266 18.094489 18.636565 18.622509 19.102854 19.632831
3.125000 18.063580 18.567229 19.127919 19.136366 19.722785 20.298945
3.165000 18.434759 18.971775 19.609466 19.599316 20.225664 20.775895
3.205000 18.771546 19.428551 20.074995 20.072300 20.749936 21.298167
3.245000 19.101776 19.835482 20.495064 20.488472 21.180596 21.679652
3.285000 19.525235 20.268783 20.978664 20.932971 21.592612 22.049607
3.325000 19.942764 20.686078 21.419410 21.344815 22.006095 22.325188
3.365000 20.349396 21.108554 21.925577 21.766883 22.320881 22.704501
3.405000 20.841742 21.510896 22.208095 22.077540 22.561912 22.939188
3.445000 21.279411 21.880041 22.394378 22.320828 22.730601 23.081941
3.485000 21.666600 22.243471 22.590592 22.552720 22.911382 23.255488
3.525000 22.017494 22.455942 22.765914 22.744947 23.063458 23.415810
3.565000 22.251497 22.631988 22.906337 22.906384 23.212935 23.556050
3.605000 22.503996 22.809598 23.056405 23.068999 23.361038 23.702480
3.645000 22.635987 22.959929 23.191317 23.216076 23.512911 23.841129
3.685000 22.846944 23.099465 23.333988 23.360939 23.652577 23.993342
3.725000 23.006398 23.252368 23.469975 23.507971 23.806578 24.136142
3.765000 23.148118 23.382337 23.612162 23.648039 23.949848 24.250763
3.805000 23.287027 23.516190 23.749834 23.789621 24.101036 24.394715
3.845000 23.438731 23.650843 23.892835 23.927380 24.243332 24.526212
3.885000 23.573910 23.795498 24.024380 24.065314 24.383860 24.674049
3.925000 23.732130 23.949250 24.177643 24.214517 24.517800 24.821725
3.965000 23.926287 24.123273 24.351421 24.385950 24.674007 24.967152
4.045000 24.235106 24.447732 24.692420 24.716462 24.992091 25.282597
