depth(m) lower_95(kyr) lower_68(kyr) median(kyr) mean(kyr) upper_68(kyr) upper_95(kyr)
0.000000 0.362316 0.610053 0.835056 0.837283 1.064645 1.296495
0.010000 0.398325 0.653264 0.867690 0.870893 1.098355 1.326163
0.050000 0.505184 0.783394 1.082125 1.119518 1.498285 1.862166
0.100000 0.595557 0.937349 1.398541 1.492187 2.116715 2.631169
0.140000 0.695918 1.040314 1.662660 1.757259 2.526196 3.206520
0.150000 0.719953 1.068134 1.693905 1.796686 2.593822 3.266611
0.180000 0.789134 1.147856 1.871500 2.000805 2.930245 3.683010
0.220000 0.853397 1.270481 2.198174 2.338918 3.491806 4.318315
0.250000 0.939341 1.336034 2.375525 2.544112 3.859115 4.739166
0.260000 0.954928 1.358417 2.402288 2.585390 3.906453 4.791613
0.300000 1.041182 1.448839 2.755520 2.954656 4.518637 5.444482
0.320000 1.075534 1.498565 2.855894 3.066191 4.702622 5.698123
0.340000 1.096786 1.561586 2.951692 3.177868 4.883527 5.925586
0.350000 1.112417 1.586223 2.977495 3.218007 4.936650 5.997240
0.360000 1.132563 1.614220 3.044944 3.259841 4.994648 6.055256
0.380000 1.162507 1.668838 3.167516 3.388500 5.183810 6.325723
0.400000 1.201999 1.729662 3.296656 3.517904 5.403528 6.575229
0.420000 1.246283 1.796498 3.405576 3.653614 5.647914 6.862409
0.440000 1.297501 1.863378 3.565943 3.789290 5.857642 7.087596
0.460000 1.338454 1.916060 3.685307 3.919593 6.068489 7.368540
0.480000 1.382778 1.996148 3.796141 4.049005 6.260709 7.636261
0.500000 1.440743 2.073874 3.937445 4.181985 6.452775 7.900275
0.530000 1.571731 2.206855 4.205297 4.448623 6.860959 8.364555
0.540000 1.605667 2.253391 4.252867 4.495442 6.906397 8.403105
0.570000 1.750451 2.515666 4.494587 4.764625 7.210067 8.845784
0.580000 1.781435 2.548997 4.547092 4.810055 7.266189 8.892665
0.600000 1.881747 2.686108 4.663430 4.922172 7.377159 8.938627
0.620000 1.949684 2.826648 4.799698 5.036266 7.485278 9.020194
0.640000 2.007603 2.984074 4.924923 5.145125 7.591909 9.122978
0.650000 2.052354 3.032670 4.945027 5.184207 7.628289 9.148546
0.660000 2.063134 3.081389 4.967110 5.220865 7.652616 9.180097
0.680000 2.124090 3.181468 5.073939 5.306521 7.728647 9.222419
0.730000 2.441909 3.739906 5.509577 5.678851 7.897534 9.347034
0.740000 2.473976 3.768452 5.555929 5.716819 7.937329 9.366946
0.780000 2.617590 4.057809 5.785993 5.937936 8.054377 9.478103
0.860000 2.856995 4.920656 6.645331 6.614384 8.478416 9.702466
0.900000 2.961936 5.120526 6.866467 6.830036 8.618703 9.833952
0.940000 3.051092 5.334605 7.099690 7.032859 8.774490 10.007080
0.950000 3.096999 5.358688 7.125016 7.067057 8.810655 10.019561
0.980000 3.245961 5.506766 7.239406 7.174230 8.920590 10.095361
1.020000 3.346143 5.626835 7.414814 7.325943 9.048684 10.177496
1.060000 3.496357 5.786554 7.589517 7.487388 9.170017 10.307974
1.140000 4.150843 6.197179 8.062705 7.893849 9.545408 10.586077
1.260000 4.960916 7.142405 8.747044 8.603104 10.153018 11.058913
1.380000 5.734639 7.999164 9.463081 9.304641 10.784152 11.516441
1.420000 5.835126 8.148854 9.603972 9.451377 10.911642 11.624793
1.460000 6.017803 8.296054 9.752063 9.587438 11.054180 11.771593
1.480000 6.108286 8.358466 9.825830 9.650477 11.102497 11.830808
1.530000 6.308360 8.626313 10.040884 9.845283 11.277585 11.988879
1.580000 6.636687 8.815894 10.221171 10.044048 11.454872 12.142749
1.620000 6.761846 9.007435 10.382468 10.208986 11.586487 12.257481
1.700000 7.487982 9.563752 10.891246 10.712586 11.989589 12.547961
1.740000 7.760862 9.724324 11.063221 10.886443 12.152140 12.686414
1.780000 7.920976 9.900342 11.209779 11.060350 12.308635 12.823186
1.820000 8.068941 10.065001 11.370674 11.227348 12.496619 13.103907
1.850000 8.256370 10.180665 11.464681 11.332781 12.602037 13.196392
1.860000 8.282534 10.210912 11.494032 11.365495 12.632050 13.229439
1.900000 8.576972 10.465799 11.709016 11.584662 12.777589 13.384925
1.940000 8.763924 10.759756 11.922905 11.787768 12.917365 13.523493
1.950000 8.793286 10.798681 11.953124 11.822432 12.948602 13.552152
1.980000 8.946328 10.953216 12.108471 11.970012 13.038533 13.670528
2.020000 9.255810 11.362344 12.345547 12.200057 13.182394 13.785853
2.060000 9.413287 11.650955 12.527345 12.393573 13.324786 13.949371
2.100000 9.643451 11.863094 12.701379 12.571989 13.456513 14.142436
2.140000 9.904670 12.044894 12.863973 12.726843 13.594266 14.257978
2.180000 10.117815 12.181233 13.025604 12.874538 13.714658 14.379072
2.312500 11.161035 12.804067 13.606511 13.509831 14.275545 14.894757
2.445000 11.994979 13.432050 14.223943 14.154886 14.877709 15.440983
2.577500 13.160040 14.169934 14.872074 14.811820 15.331364 15.922094
2.710000 14.245809 14.972328 15.417564 15.421135 15.772773 16.434525
2.750000 14.368220 15.088323 15.528612 15.536138 15.876292 16.561127
2.790000 14.497787 15.210279 15.628741 15.641372 15.971290 16.672074
2.830000 14.611188 15.309273 15.724759 15.738273 16.078492 16.888773
2.870000 14.703907 15.404972 15.807707 15.835405 16.165606 17.035533
2.910000 14.782305 15.487700 15.889098 15.929071 16.284406 17.115898
2.950000 14.859872 15.559960 15.986521 16.024362 16.388229 17.255109
3.053333 15.075288 15.767855 16.225359 16.270837 16.677450 17.724397
3.156667 15.344748 15.936351 16.428892 16.506063 16.942986 18.083178
3.260000 15.516499 16.147499 16.631316 16.750931 17.264577 18.451076
3.395455 15.743595 16.387252 16.926252 17.094506 17.746173 19.318940
3.530909 15.950851 16.626952 17.199227 17.416601 18.189966 19.945926
3.666364 16.149456 16.829477 17.507608 17.750910 18.653812 20.680958
3.801818 16.312612 17.035383 17.808583 18.069512 19.146469 21.208476
3.937273 16.493008 17.239312 18.097528 18.404124 19.633943 21.907106
4.072727 16.660171 17.448898 18.373390 18.704432 20.064180 22.443331
4.208182 16.820649 17.637416 18.668843 18.987415 20.435912 22.791002
4.343636 16.980175 17.829051 18.932998 19.263633 20.819977 23.127281
4.479091 17.190181 18.025596 19.155375 19.523745 21.170332 23.600037
4.614545 17.384747 18.204590 19.367202 19.775840 21.481525 24.115023
4.750000 17.529076 18.378431 19.615609 20.021174 21.759592 24.555498
4.894615 17.756129 18.586533 19.865188 20.274796 22.058177 24.777553
5.039231 17.920058 18.780076 20.100878 20.515620 22.336075 24.941665
5.183846 18.123201 18.992951 20.347750 20.737938 22.516302 25.166692
5.328462 18.349663 19.188632 20.553141 20.959022 22.741849 25.454147
5.473077 18.617445 19.379295 20.813564 21.170486 22.979295 25.659197
5.617692 18.769168 19.594859 21.026442 21.374056 23.187664 25.775234
5.762308 18.939042 19.789820 21.207294 21.570381 23.348229 25.944621
5.906923 19.167265 20.000896 21.414531 21.771260 23.543791 26.118639
6.051538 19.318724 20.195866 21.614617 21.965297 23.713484 26.419416
6.196154 19.529702 20.393491 21.801275 22.155047 23.871329 26.569053
6.340769 19.748507 20.600785 21.994704 22.348222 24.058591 26.823740
6.485385 19.896444 20.784944 22.164244 22.534584 24.273285 26.958315
6.630000 20.082578 20.993210 22.343934 22.719185 24.453963 27.113093
6.774615 20.297808 21.182723 22.520127 22.905564 24.638194 27.275807
6.919231 20.469272 21.372966 22.725525 23.090675 24.808623 27.439103
7.063846 20.664590 21.573314 22.919322 23.278965 24.986628 27.593089
7.208462 20.864195 21.773185 23.095935 23.468048 25.169319 27.695116
7.353077 21.098020 21.979686 23.335565 23.661997 25.357119 27.825444
7.497692 21.288732 22.188208 23.504026 23.848839 25.516073 27.960087
7.642308 21.446166 22.388405 23.678139 24.038669 25.661858 28.126761
7.786923 21.642329 22.592444 23.870361 24.223100 25.848532 28.300469
7.931538 21.895399 22.793437 24.052314 24.409292 26.045893 28.401639
8.076154 22.082842 23.002742 24.274721 24.598016 26.222022 28.519389
8.220769 22.318602 23.197436 24.461742 24.782701 26.391028 28.673397
8.365385 22.499533 23.390511 24.640058 24.970778 26.532707 28.807364
8.510000 22.729245 23.584843 24.826153 25.156328 26.714465 28.931901
8.654615 22.943713 23.791108 25.031993 25.344617 26.927258 29.043572
8.799231 23.167237 24.014901 25.211371 25.533545 27.084389 29.190774
8.943846 23.450636 24.214390 25.401845 25.721574 27.271874 29.353502
9.088462 23.577381 24.395254 25.575255 25.904079 27.439082 29.452577
9.233077 23.791486 24.598746 25.766551 26.087530 27.574598 29.605825
9.377692 24.018704 24.813182 25.978822 26.275238 27.762892 29.763570
9.522308 24.230532 25.015068 26.171420 26.462021 27.914414 29.914842
9.666923 24.472477 25.228422 26.383956 26.647537 28.091020 30.110419
9.811538 24.709086 25.433669 26.557089 26.828894 28.268870 30.252906
9.956154 24.906337 25.645859 26.730071 27.013764 28.433680 30.390425
10.100769 25.096748 25.844277 26.939550 27.199729 28.592289 30.525666
10.245385 25.251350 26.032937 27.112669 27.387222 28.779400 30.656366
10.390000 25.455379 26.223420 27.326665 27.573003 28.959901 30.861648
10.534615 25.655842 26.432585 27.506168 27.759094 29.155575 30.950436
10.679231 25.871960 26.625456 27.692528 27.942621 29.307372 31.140572
10.823846 26.070130 26.818491 27.894669 28.127469 29.464844 31.284776
10.968462 26.276269 27.018727 28.078033 28.314968 29.640024 31.462174
11.113077 26.453744 27.227096 28.281900 28.502089 29.817805 31.641031
11.257692 26.673154 27.433503 28.473398 28.687453 29.981494 31.729839
11.402308 26.866006 27.601702 28.674628 28.873673 30.185038 31.895402
11.546923 27.149443 27.817583 28.835023 29.056207 30.360091 32.017586
11.691538 27.358087 28.029767 29.030750 29.242810 30.503262 32.180986
11.836154 27.569433 28.236547 29.225096 29.433010 30.679899 32.426292
11.980769 27.766582 28.439997 29.401925 29.620650 30.857486 32.581081
12.125385 27.974432 28.638346 29.582421 29.808536 31.025753 32.708279
12.270000 28.206294 28.837932 29.764585 29.996453 31.183569 32.850766
12.414615 28.402032 29.068622 29.950263 30.182616 31.336151 33.013158
12.559231 28.597308 29.276619 30.144783 30.374498 31.517066 33.142954
12.703846 28.829469 29.468842 30.356975 30.557540 31.678044 33.226085
12.848462 29.005689 29.641471 30.560113 30.746313 31.884153 33.398184
12.993077 29.219641 29.842496 30.733479 30.933147 32.084553 33.532831
13.137692 29.452833 30.045258 30.938221 31.118593 32.268090 33.717236
13.282308 29.605265 30.253723 31.132954 31.306257 32.435645 33.837780
13.426923 29.785288 30.465831 31.327044 31.490484 32.596561 34.004319
13.571538 30.000192 30.666414 31.523816 31.680349 32.762975 34.148360
13.716154 30.232907 30.896550 31.720622 31.868391 32.900489 34.305929
13.860769 30.427612 31.087613 31.906776 32.052161 33.073751 34.398078
14.005385 30.619282 31.285779 32.116019 32.240227 33.264115 34.587151
14.150000 30.854070 31.482649 32.302723 32.430775 33.428693 34.706080
14.294615 31.043448 31.691975 32.484296 32.620410 33.603349 34.807824
14.439231 31.221149 31.889879 32.669582 32.803548 33.777543 34.996038
14.583846 31.398474 32.119931 32.866131 32.990043 33.953499 35.113186
14.728462 31.587965 32.294445 33.041894 33.171207 34.114980 35.294526
14.873077 31.846356 32.478741 33.220451 33.355114 34.287258 35.436983
15.017692 32.037904 32.673627 33.425965 33.538990 34.473193 35.588924
15.162308 32.261766 32.875647 33.611010 33.725635 34.637715 35.738594
15.306923 32.465086 33.054694 33.795342 33.911679 34.859987 35.822279
15.451538 32.647504 33.256601 33.995677 34.098138 35.002473 35.992548
15.596154 32.816005 33.466554 34.189781 34.291138 35.178622 36.171425
15.740769 32.985738 33.667402 34.378491 34.481759 35.358386 36.334374
15.885385 33.189631 33.871653 34.581084 34.671444 35.517801 36.483681
16.030000 33.385261 34.078369 34.767336 34.857730 35.684448 36.620210
16.174615 33.621152 34.262596 34.976126 35.042947 35.869017 36.767268
16.319231 33.825090 34.463958 35.152266 35.224295 36.030372 36.925415
16.463846 34.010211 34.648087 35.334642 35.405227 36.208501 37.050142
16.608462 34.217197 34.835433 35.507581 35.584605 36.377879 37.206043
16.753077 34.412561 35.030864 35.693940 35.774590 36.564922 37.358080
16.897692 34.643976 35.220003 35.885730 35.961470 36.750327 37.519428
17.042308 34.805896 35.429090 36.090894 36.148762 36.938297 37.714695
17.186923 34.992717 35.628877 36.287035 36.341278 37.113515 37.850762
17.331538 35.202586 35.818866 36.470090 36.529334 37.283258 38.024482
17.476154 35.347021 36.017189 36.662148 36.712182 37.452526 38.171539
17.620769 35.520602 36.241117 36.848103 36.901467 37.627042 38.331863
17.765385 35.675359 36.431844 37.032267 37.093031 37.807641 38.491853
17.910000 35.861482 36.633848 37.237452 37.281353 38.000025 38.655144
18.054615 36.147525 36.819063 37.416463 37.465014 38.157806 38.843696
18.199231 36.388606 37.006234 37.630387 37.658920 38.364802 39.008707
18.343846 36.557989 37.211742 37.825139 37.842042 38.512248 39.155880
18.488462 36.729165 37.412755 38.021399 38.028569 38.685825 39.289199
18.633077 36.964113 37.596769 38.215111 38.218181 38.877890 39.460239
18.777692 37.155325 37.797348 38.398041 38.409316 39.049273 39.649615
18.922308 37.302732 37.984311 38.592705 38.597453 39.226101 39.813543
19.066923 37.473179 38.182343 38.776917 38.779699 39.417530 39.994092
19.211538 37.640965 38.385980 38.968511 38.968013 39.568109 40.133680
19.356154 37.850428 38.598712 39.155254 39.152778 39.749914 40.310530
19.500769 37.992921 38.755638 39.342374 39.332668 39.916818 40.497229
19.645385 38.207533 38.948240 39.530957 39.516903 40.099583 40.654437
19.790000 38.444190 39.159742 39.728551 39.706264 40.289523 40.825280
19.934615 38.653107 39.328013 39.915673 39.892224 40.463040 41.009191
20.079231 38.742111 39.520967 40.104513 40.077902 40.655092 41.151243
20.223846 38.998881 39.725161 40.293159 40.268822 40.846927 41.383365
20.368462 39.220545 39.907449 40.487718 40.456742 41.025447 41.580615
20.513077 39.425289 40.090948 40.681883 40.645311 41.210545 41.741300
20.657692 39.630776 40.283325 40.866117 40.838011 41.399130 41.930583
20.802308 39.801013 40.480020 41.052263 41.029341 41.590724 42.114751
20.946923 40.015815 40.689108 41.237086 41.220077 41.777934 42.317326
21.091538 40.229668 40.886155 41.420957 41.419192 41.954550 42.520659
21.236154 40.428847 41.112986 41.613803 41.616186 42.138953 42.665630
21.380769 40.689244 41.334733 41.802878 41.815918 42.331402 42.829512
21.525385 40.942306 41.557352 42.032701 42.033327 42.543436 43.074692
21.670000 41.239690 41.769556 42.270935 42.263893 42.759205 43.275093
