depth(m) lower_95(kyr) lower_68(kyr) median(kyr) mean(kyr) upper_68(kyr) upper_95(kyr)
0.000000 0.046759 0.234675 0.508398 0.513876 0.776500 1.009382
0.040000 0.152350 0.339008 0.614907 0.612346 0.862467 1.076469
0.120000 0.370455 0.561893 0.794797 0.793813 1.027708 1.229203
0.200000 0.565805 0.762525 0.978626 0.978349 1.193225 1.367913
0.245000 0.709750 0.891836 1.090587 1.090542 1.295605 1.451494
0.322500 0.858549 1.069580 1.299078 1.324555 1.563502 1.955186
0.400000 1.007650 1.237569 1.525720 1.560710 1.872576 2.369513
0.500000 1.196414 1.467291 1.802114 1.871218 2.282833 2.861059
0.600000 1.381447 1.705535 2.101934 2.196957 2.711313 3.388017
0.733333 1.669177 2.020109 2.568038 2.659994 3.338608 4.153411
0.866667 1.910997 2.321205 3.020817 3.123371 3.896817 4.879670
1.000000 2.178855 2.643908 3.468202 3.570483 4.469847 5.513218
1.100000 2.359623 2.903373 3.824471 3.898885 4.817278 6.021179
1.200000 2.545010 3.163328 4.182553 4.229218 5.184078 6.384586
1.300000 2.776513 3.489972 4.553157 4.566580 5.553717 6.764429
1.400000 2.968719 3.777837 4.875926 4.900891 5.898980 7.171678
1.500000 3.181651 4.144155 5.192407 5.221129 6.266419 7.451456
1.600000 3.422547 4.499577 5.511813 5.538741 6.571163 7.735160
1.700000 3.664120 4.847394 5.863741 5.850041 6.890361 8.064801
1.800000 3.930043 5.112703 6.190499 6.167786 7.193021 8.320203
1.900000 4.150621 5.457843 6.554214 6.492965 7.560008 8.550969
2.000000 4.491650 5.802956 6.862324 6.810526 7.883954 8.831599
2.100000 4.839257 6.181267 7.198120 7.160520 8.216624 9.093853
2.200000 5.142957 6.501292 7.501594 7.486189 8.487554 9.376106
2.300000 5.623886 6.927156 7.860256 7.831999 8.777822 9.660082
2.400000 6.069018 7.315454 8.204465 8.184256 9.114157 9.940270
2.500000 6.450035 7.777020 8.583238 8.560601 9.418329 10.261070
2.600000 7.074012 8.237378 8.987775 8.963668 9.768087 10.592280
2.700000 7.655758 8.608899 9.329005 9.320337 10.109235 10.867515
2.800000 8.146165 9.000734 9.721853 9.679427 10.388398 11.065812
2.900000 8.575257 9.371969 10.051801 10.013647 10.647549 11.283474
3.000000 9.007632 9.727242 10.402100 10.361173 10.941038 11.532468
3.100000 9.565873 10.215982 10.834885 10.773361 11.286111 11.793575
3.200000 10.063974 10.664614 11.198950 11.169093 11.656198 12.105439
3.300000 10.468325 11.086617 11.540812 11.522798 11.978699 12.381273
3.400000 10.979807 11.421376 11.833744 11.827298 12.252920 12.611600
3.500000 11.318929 11.740332 12.151269 12.131362 12.527223 12.934522
3.600000 11.708787 12.103442 12.488544 12.490437 12.865133 13.288524
3.700000 12.161103 12.482090 12.838381 12.857794 13.234044 13.635195
3.800000 12.531104 12.843029 13.180260 13.206965 13.601120 14.018504
3.900000 12.792356 13.114276 13.474306 13.487605 13.889042 14.257380
4.000000 12.986842 13.336871 13.723945 13.729370 14.124935 14.485034
4.040000 13.123479 13.459218 13.852434 13.845321 14.233711 14.582693
4.080000 13.214645 13.584133 13.966489 13.959174 14.336465 14.684015
4.100000 13.283725 13.637249 14.026683 14.016206 14.397699 14.738746
4.120000 13.332686 13.690884 14.072940 14.067794 14.438085 14.776019
4.160000 13.468628 13.804541 14.174953 14.172268 14.535275 14.880125
4.200000 13.580826 13.910497 14.286359 14.273658 14.625801 14.956993
4.240000 13.735047 14.029292 14.379883 14.377129 14.717921 15.043761
4.280000 13.859065 14.139323 14.481444 14.484559 14.831801 15.130932
4.300000 13.918244 14.207857 14.545245 14.544026 14.887095 15.189424
4.320000 13.992604 14.284290 14.597324 14.603800 14.942525 15.225962
4.360000 14.114846 14.410274 14.706103 14.716007 15.043345 15.309062
4.400000 14.215897 14.549780 14.815263 14.828410 15.139490 15.430840
4.440000 14.379755 14.688884 14.951326 14.955082 15.252931 15.525320
4.480000 14.528008 14.809221 15.079662 15.080679 15.367608 15.638416
4.500000 14.595223 14.860515 15.146510 15.142924 15.427035 15.723350
4.520000 14.662216 14.923847 15.203742 15.203263 15.486911 15.803533
4.560000 14.773790 15.035136 15.320962 15.320334 15.593111 15.922204
4.600000 14.904389 15.142183 15.435878 15.431766 15.701333 16.044208
4.640000 15.014919 15.257252 15.560611 15.551624 15.816009 16.172054
4.680000 15.101914 15.379043 15.691806 15.693733 15.994788 16.327661
4.700000 15.145438 15.431230 15.764583 15.759249 16.058417 16.397039
4.720000 15.183892 15.497045 15.825547 15.825513 16.144065 16.476679
4.760000 15.307310 15.633903 15.961477 15.961692 16.295743 16.602836
4.800000 15.391104 15.719626 16.074090 16.086525 16.440880 16.753287
4.840000 15.474822 15.819977 16.173563 16.193508 16.551682 16.917676
4.880000 15.555927 15.915572 16.286753 16.292346 16.644162 17.043252
4.900000 15.591292 15.972025 16.341443 16.351360 16.706117 17.098050
4.920000 15.654279 16.022923 16.404041 16.408550 16.765336 17.203461
4.960000 15.737024 16.117405 16.506207 16.520772 16.895110 17.416542
5.000000 15.812210 16.202886 16.636213 16.631186 17.005946 17.605586
5.040000 15.892335 16.286976 16.751634 16.743486 17.132886 17.819578
5.080000 15.959339 16.370652 16.856648 16.855136 17.266559 18.078930
5.100000 16.002191 16.417711 16.900330 16.905677 17.337301 18.143611
5.120000 16.049453 16.466029 16.946682 16.954756 17.383090 18.228801
5.160000 16.140160 16.554885 17.033264 17.048337 17.500792 18.365561
5.200000 16.221295 16.630595 17.118241 17.143095 17.616479 18.490206
5.240000 16.302160 16.716989 17.206258 17.242826 17.721881 18.648627
5.280000 16.364551 16.826379 17.289939 17.343455 17.823045 18.837174
5.300000 16.405029 16.872800 17.333003 17.393598 17.874546 18.898094
5.320000 16.454617 16.913107 17.377495 17.444975 17.946989 18.975622
5.360000 16.547417 17.017218 17.478587 17.544934 18.024849 19.102614
5.400000 16.634580 17.132314 17.567925 17.646611 18.129845 19.234957
5.440000 16.724379 17.235514 17.651810 17.752273 18.284808 19.369893
5.480000 16.805851 17.339026 17.748267 17.856243 18.411788 19.454655
5.500000 16.844528 17.382039 17.794103 17.905964 18.470074 19.513929
5.520000 16.883466 17.427420 17.843076 17.957211 18.548193 19.611662
5.560000 16.968656 17.507238 17.943403 18.058855 18.681804 19.790659
5.600000 17.055693 17.593370 18.037436 18.153093 18.773017 19.948345
5.640000 17.109675 17.676682 18.131263 18.249858 18.859650 20.084384
5.680000 17.178662 17.755406 18.225436 18.343148 18.941655 20.144814
5.700000 17.212936 17.797328 18.273930 18.389704 18.989022 20.206889
5.720000 17.242416 17.844467 18.318963 18.437407 19.043341 20.264662
5.760000 17.336743 17.925664 18.408321 18.536448 19.144523 20.362386
5.800000 17.382619 18.007647 18.498521 18.632252 19.220862 20.460700
5.840000 17.478292 18.092929 18.603847 18.729770 19.333603 20.568872
5.880000 17.591440 18.171760 18.684683 18.821871 19.451890 20.651348
5.900000 17.630391 18.222135 18.731005 18.868640 19.496354 20.692063
5.920000 17.667765 18.271221 18.785319 18.918382 19.535167 20.751666
5.960000 17.855717 18.352220 18.883463 19.012782 19.648106 20.825035
6.000000 17.996685 18.439962 18.986005 19.108546 19.734971 20.905461
6.040000 18.088641 18.533806 19.084049 19.205600 19.842607 20.971654
6.080000 18.165561 18.616842 19.171371 19.299736 19.947947 21.044261
6.120000 18.206788 18.707591 19.279391 19.392570 20.033247 21.099540
6.160000 18.263689 18.791641 19.390458 19.488678 20.153457 21.175834
6.200000 18.383470 18.875831 19.490069 19.584946 20.237128 21.234643
6.240000 18.455801 18.981226 19.622173 19.686803 20.333555 21.307319
6.280000 18.530674 19.071540 19.723306 19.784581 20.431004 21.360790
6.320000 18.627111 19.172898 19.816027 19.886364 20.548186 21.460936
6.360000 18.726402 19.256624 19.909467 19.988942 20.679710 21.582906
6.400000 18.814702 19.329838 20.046376 20.092341 20.791816 21.636949
6.440000 18.900347 19.406057 20.128477 20.190598 20.907033 21.721881
6.480000 18.976687 19.483349 20.223755 20.290768 21.054058 21.930064
6.520000 19.050909 19.572447 20.329386 20.396443 21.201759 22.132960
6.560000 19.140331 19.680813 20.428781 20.499572 21.320666 22.264123
6.600000 19.245751 19.767978 20.543768 20.600809 21.449616 22.365273
6.640000 19.341631 19.856700 20.653450 20.702946 21.590659 22.481160
6.680000 19.462800 19.959837 20.765096 20.804088 21.705850 22.617112
6.720000 19.524872 20.044063 20.869342 20.906170 21.832690 22.738970
6.760000 19.629741 20.146832 20.974363 21.005222 21.923298 22.835487
6.810000 19.761329 20.285240 21.102059 21.129030 22.051916 23.057332
6.840000 19.797260 20.352380 21.162870 21.199040 22.110632 23.109937
6.880000 19.888410 20.453718 21.253140 21.294245 22.179218 23.230126
6.920000 19.988039 20.541252 21.360664 21.390296 22.256997 23.293901
6.960000 20.109048 20.653447 21.461634 21.485179 22.338902 23.393759
7.000000 20.226592 20.726130 21.544883 21.579973 22.412738 23.471244
7.040000 20.302408 20.850529 21.622122 21.675949 22.488793 23.573329
7.080000 20.380179 20.952403 21.711701 21.771853 22.565947 23.692787
7.120000 20.523118 21.067339 21.785273 21.869084 22.635182 23.809012
7.160000 20.624259 21.170212 21.876399 21.970981 22.718126 23.940152
7.200000 20.736881 21.292777 21.961404 22.073094 22.793344 24.052428
7.240000 20.823865 21.422801 22.056536 22.175315 22.883360 24.244553
7.280000 20.927949 21.537941 22.146213 22.278810 22.968137 24.364296
7.320000 21.026016 21.641212 22.238883 22.381235 23.044010 24.461147
7.360000 21.132972 21.781911 22.334217 22.485871 23.131321 24.555725
7.400000 21.215744 21.890468 22.438489 22.587958 23.202706 24.792677
7.440000 21.324431 22.001564 22.528096 22.687209 23.307700 24.937844
7.480000 21.435292 22.120048 22.639699 22.790452 23.391483 25.085677
7.520000 21.530286 22.230538 22.752393 22.892757 23.469159 25.262041
7.560000 21.630608 22.339935 22.865689 22.997808 23.557663 25.399674
7.600000 21.742286 22.456549 23.001523 23.103682 23.646901 25.511876
7.640000 21.846477 22.552642 23.139458 23.208493 23.723019 25.646457
7.680000 21.977557 22.653341 23.275532 23.311216 23.810294 25.799243
7.720000 22.041854 22.742402 23.393310 23.411433 23.906135 25.966595
7.760000 22.117113 22.832361 23.502386 23.506058 24.004300 26.120630
7.840000 22.271639 23.011581 23.738315 23.698894 24.234221 26.323077
7.880000 22.354499 23.099648 23.819223 23.793866 24.328668 26.456363
7.900000 22.393303 23.135471 23.869632 23.841926 24.382639 26.504967
7.920000 22.428736 23.175945 23.906856 23.887313 24.436491 26.539594
7.960000 22.516935 23.249010 23.990439 23.970774 24.553277 26.591358
8.040000 22.663057 23.395146 24.118397 24.136224 24.742507 26.766454
8.080000 22.739954 23.472087 24.203286 24.220858 24.857338 26.833797
8.100000 22.799511 23.511884 24.242618 24.264676 24.902189 26.856053
8.120000 22.827290 23.552676 24.280226 24.308777 24.955613 26.893455
8.160000 22.913952 23.624508 24.358304 24.393306 25.044705 26.974904
8.200000 22.989295 23.701428 24.435612 24.479796 25.140886 27.035312
8.240000 23.086768 23.775809 24.505762 24.563682 25.234580 27.108820
8.280000 23.170431 23.861851 24.597945 24.645673 25.321631 27.170483
8.320000 23.247464 23.943407 24.679271 24.727057 25.402419 27.251126
8.360000 23.337280 24.014356 24.748785 24.807584 25.483900 27.314477
8.440000 23.460739 24.154953 24.891366 24.958173 25.620345 27.500302
8.480000 23.510577 24.236383 24.970799 25.038472 25.690006 27.607351
8.520000 23.615411 24.305514 25.049874 25.117649 25.771934 27.720491
8.560000 23.684092 24.375206 25.128954 25.198063 25.848405 27.881028
8.600000 23.755945 24.449746 25.202747 25.279787 25.937977 27.950810
8.640000 23.829193 24.522946 25.274863 25.359566 26.013061 28.003448
8.680000 23.917574 24.597494 25.352725 25.438743 26.089869 28.069497
8.720000 23.999133 24.663882 25.430961 25.514572 26.176990 28.140642
8.760000 24.049482 24.742723 25.501732 25.592941 26.256219 28.216343
8.840000 24.229895 24.896150 25.636666 25.737466 26.393051 28.358057
8.880000 24.311035 24.963067 25.709227 25.813475 26.460883 28.431287
8.920000 24.391916 25.037714 25.783028 25.892012 26.554077 28.495843
8.960000 24.487926 25.100360 25.851502 25.969779 26.625945 28.583900
9.000000 24.562360 25.184271 25.930375 26.048837 26.704779 28.652231
9.040000 24.615798 25.260436 26.007539 26.129346 26.788622 28.716676
9.080000 24.685657 25.333796 26.094334 26.209285 26.864544 28.818270
9.120000 24.797103 25.411143 26.184019 26.290945 26.961656 28.910805
9.160000 24.880254 25.483830 26.258892 26.368890 27.035033 28.965394
9.240000 25.008048 25.629574 26.391836 26.514634 27.207557 29.134100
9.280000 25.108443 25.709895 26.451205 26.592880 27.272481 29.186623
9.320000 25.173866 25.790748 26.538284 26.671970 27.357252 29.254969
9.360000 25.234248 25.869484 26.619052 26.752653 27.443138 29.321943
9.400000 25.295656 25.943975 26.693402 26.832554 27.504033 29.430330
9.440000 25.400157 26.021960 26.778959 26.915933 27.617335 29.509379
9.480000 25.520293 26.094489 26.846388 27.000046 27.725014 29.638240
9.520000 25.601376 26.170033 26.921271 27.081001 27.810313 29.718077
9.560000 25.673783 26.237333 26.995849 27.163011 27.895468 29.777860
9.600000 25.748967 26.319340 27.091100 27.248157 27.981052 29.828070
9.640000 25.818767 26.407343 27.178941 27.337759 28.122847 29.920476
9.680000 25.918652 26.485111 27.270377 27.432274 28.198212 30.024818
9.720000 26.024668 26.561996 27.377257 27.528967 28.275249 30.102610
9.760000 26.095239 26.647680 27.471094 27.624056 28.361303 30.166295
9.800000 26.195192 26.740460 27.555779 27.717537 28.462526 30.266034
9.840000 26.286317 26.824483 27.666164 27.811803 28.571061 30.328989
9.960000 26.562042 27.067940 28.005727 28.107766 29.011942 30.516471
10.000000 26.642149 27.170094 28.091486 28.209761 29.138000 30.593353
10.040000 26.714347 27.252712 28.188412 28.309264 29.269325 30.696347
10.080000 26.804563 27.341628 28.290923 28.408411 29.385015 30.781976
10.120000 26.866520 27.414519 28.372358 28.507780 29.513579 30.858353
10.160000 26.926720 27.518067 28.448107 28.608711 29.607505 30.928636
10.200000 27.004344 27.617008 28.533644 28.712139 29.746621 31.013373
10.240000 27.085741 27.711449 28.623821 28.812916 29.869672 31.085264
10.280000 27.170540 27.832443 28.712992 28.918513 29.981011 31.212703
10.360000 27.311085 27.990187 28.911129 29.134425 30.244784 31.386867
10.400000 27.389536 28.092778 29.015038 29.243815 30.382093 31.549940
10.440000 27.448098 28.182884 29.119114 29.345780 30.514990 31.622336
10.480000 27.522632 28.276765 29.215188 29.448773 30.646409 31.790893
10.520000 27.593384 28.383217 29.324967 29.554645 30.761615 31.939123
10.560000 27.688848 28.466658 29.421259 29.660508 30.903749 32.069820
10.600000 27.783055 28.555552 29.526530 29.764311 30.985185 32.198817
10.640000 27.881622 28.664345 29.625361 29.869674 31.079378 32.316753
10.680000 27.944347 28.776406 29.743233 29.977729 31.192074 32.413439
10.720000 28.030470 28.876792 29.878690 30.088132 31.311784 32.516474
10.760000 28.158179 28.975833 29.989863 30.197489 31.393692 32.633346
10.800000 28.224545 29.103526 30.084745 30.308552 31.508124 32.698060
10.840000 28.297773 29.246728 30.212987 30.422047 31.613911 32.792755
10.880000 28.357546 29.360154 30.313256 30.532998 31.711389 32.959043
10.920000 28.453155 29.465463 30.439881 30.646614 31.822699 33.058701
10.960000 28.557503 29.585202 30.557433 30.757835 31.939985 33.156288
11.000000 28.646626 29.661371 30.667358 30.867443 32.033404 33.257195
11.040000 28.781929 29.775695 30.772701 30.979420 32.156560 33.367057
11.080000 28.876255 29.879843 30.875405 31.089337 32.282034 33.500459
11.120000 28.965946 29.963810 31.013972 31.200040 32.426357 33.620697
11.160000 29.037541 30.044768 31.100450 31.310336 32.549455 33.699153
11.200000 29.120933 30.122825 31.214147 31.421060 32.680869 33.803168
11.240000 29.260716 30.221060 31.325807 31.536432 32.799953 33.894944
11.280000 29.334306 30.313588 31.429292 31.646651 32.886564 34.009310
11.320000 29.463670 30.426569 31.586696 31.762423 32.995318 34.094003
11.360000 29.597446 30.579606 31.739544 31.879229 33.102171 34.167470
11.400000 29.715284 30.660519 31.928154 31.994358 33.199957 34.263297
11.440000 29.838547 30.728983 32.057575 32.108494 33.307193 34.395231
11.480000 29.913614 30.843206 32.197769 32.224143 33.435076 34.481423
11.520000 30.064454 30.952040 32.321369 32.339768 33.536906 34.607147
11.560000 30.153623 31.075031 32.442182 32.451441 33.621998 34.665450
11.600000 30.223320 31.241399 32.568308 32.565683 33.770186 34.734185
11.640000 30.326558 31.373389 32.672299 32.683154 33.871028 34.835046
11.680000 30.458349 31.488174 32.775838 32.802797 33.985610 34.929295
11.720000 30.561269 31.623344 32.885719 32.922064 34.132058 35.006418
11.760000 30.675550 31.713653 32.973477 33.035861 34.267934 35.097473
11.800000 30.773083 31.814779 33.074478 33.145405 34.392739 35.153088
11.840000 30.842028 31.909226 33.166464 33.248709 34.488911 35.216142
11.880000 30.942039 32.039525 33.276441 33.354082 34.606630 35.302404
11.920000 31.040842 32.134027 33.359786 33.461898 34.713779 35.399923
11.960000 31.154322 32.258028 33.447680 33.568526 34.825086 35.484719
12.000000 31.266853 32.381267 33.577141 33.676586 34.926998 35.609004
12.040000 31.379363 32.499865 33.681068 33.787698 35.001305 35.719155
12.080000 31.455136 32.621952 33.789351 33.895212 35.118573 35.818365
12.120000 31.680614 32.747306 33.910980 34.006269 35.218087 35.895799
12.160000 31.808487 32.881365 34.022559 34.117272 35.318375 36.014559
12.200000 32.056532 33.017677 34.145119 34.236613 35.418802 36.120096
12.240000 32.216766 33.143437 34.274760 34.350769 35.512807 36.222447
12.280000 32.359915 33.280863 34.393412 34.468596 35.635722 36.291426
12.320000 32.506163 33.406730 34.522379 34.582046 35.734319 36.365420
12.360000 32.641623 33.551051 34.629485 34.697009 35.843072 36.432306
12.400000 32.750047 33.698662 34.783017 34.815280 35.950084 36.544752
12.440000 32.868136 33.825917 34.903859 34.933880 36.059503 36.625153
12.480000 33.062330 33.966921 35.019831 35.057409 36.152690 36.721157
12.500000 33.133060 34.022567 35.100205 35.118014 36.202198 36.754890
12.520000 33.258254 34.094118 35.152118 35.181712 36.249959 36.795590
12.560000 33.464637 34.249281 35.266785 35.318931 36.349000 36.884222
12.600000 33.673757 34.427669 35.440696 35.475645 36.456048 37.005557
12.640000 33.858770 34.601103 35.578431 35.624081 36.550743 37.124815
12.680000 33.971439 34.800442 35.752776 35.761568 36.663095 37.219131
12.700000 34.017678 34.870241 35.816072 35.826209 36.716119 37.285138
12.720000 34.086668 34.939167 35.865407 35.889898 36.765296 37.387742
12.760000 34.212064 35.095546 35.995234 36.016076 36.863788 37.484452
12.800000 34.328389 35.245114 36.130467 36.138650 36.949042 37.570457
12.840000 34.506087 35.413190 36.245879 36.261016 37.037045 37.653374
12.880000 34.609596 35.561682 36.348101 36.378927 37.134150 37.757388
12.920000 34.731618 35.746789 36.459920 36.498753 37.229705 37.881943
12.960000 34.842110 35.881259 36.574865 36.611161 37.312952 38.026634
13.000000 34.975449 36.012922 36.690110 36.729617 37.411805 38.168853
13.040000 35.063679 36.170274 36.819215 36.851362 37.502071 38.245077
13.080000 35.203425 36.296468 36.964451 36.973794 37.588801 38.365253
13.120000 35.325185 36.437564 37.076764 37.096181 37.702233 38.446721
13.160000 35.480934 36.573404 37.202306 37.215732 37.812037 38.562607
13.200000 35.629203 36.693228 37.333204 37.336016 37.909529 38.708012
13.240000 35.846986 36.818963 37.443137 37.457787 38.013742 38.781903
13.280000 36.072301 36.960258 37.552594 37.579869 38.136754 38.876038
13.320000 36.268315 37.096610 37.645414 37.698673 38.232312 38.981134
13.360000 36.519090 37.220276 37.768934 37.812587 38.343053 39.080382
13.400000 36.658923 37.359936 37.872641 37.928207 38.440919 39.163954
13.440000 36.841522 37.473897 37.983763 38.045018 38.537369 39.248863
13.480000 37.037795 37.601244 38.098732 38.164414 38.664482 39.358527
13.520000 37.155657 37.726848 38.215463 38.288874 38.781530 39.577390
13.560000 37.277840 37.836912 38.336724 38.413290 38.918013 39.690647
13.600000 37.406730 37.976066 38.496769 38.560563 39.068704 39.831275
13.640000 37.518023 38.147986 38.662737 38.717834 39.214087 39.961887
13.680000 37.664201 38.287334 38.835255 38.886419 39.390051 40.153555
13.720000 37.794152 38.430388 39.007076 39.055503 39.602984 40.606512
13.760000 37.934631 38.575975 39.176933 39.227395 39.808765 40.771639
13.800000 38.063259 38.723540 39.352946 39.402947 40.015778 40.985733
13.840000 38.232314 38.848152 39.503678 39.571232 40.201581 41.219603
13.880000 38.359731 38.990364 39.665605 39.737642 40.404453 41.461733
13.920000 38.490943 39.117588 39.822254 39.895206 40.600778 41.683450
13.960000 38.608308 39.232099 39.986670 40.056952 40.828295 41.976457
14.000000 38.717879 39.370234 40.129057 40.211187 41.028520 42.179058
14.040000 38.800250 39.489624 40.268433 40.354118 41.236432 42.369667
14.080000 38.934551 39.601090 40.388316 40.492650 41.383659 42.470526
14.120000 39.041604 39.707535 40.522204 40.636807 41.556455 42.610972
14.160000 39.167708 39.832770 40.660421 40.779398 41.690374 42.758434
14.200000 39.293789 39.942489 40.812871 40.926846 41.831587 42.964327
14.240000 39.464321 40.071189 40.987578 41.079995 42.044795 43.213686
14.280000 39.586750 40.176672 41.136955 41.242818 42.200660 43.462288
14.320000 39.694548 40.292465 41.269482 41.398924 42.362123 43.765805
14.360000 39.824604 40.432932 41.407159 41.560077 42.596515 44.057878
14.400000 39.950161 40.557924 41.549475 41.720716 42.775178 44.294109
14.440000 40.080895 40.712268 41.693659 41.880754 42.927109 44.607114
14.480000 40.144291 40.862446 41.850530 42.039293 43.088414 44.806455
14.520000 40.314846 41.012087 42.011263 42.204412 43.230299 45.146344
14.560000 40.458690 41.218783 42.152477 42.376785 43.417391 45.314180
14.600000 40.581138 41.414285 42.327033 42.542883 43.691456 45.518186
14.640000 40.700919 41.624659 42.494790 42.718668 43.939427 45.676065
14.680000 40.850183 41.789099 42.656977 42.895126 44.123941 45.902310
14.720000 40.986895 41.981269 42.836862 43.077022 44.334403 46.066962
14.760000 41.118460 42.162796 43.026325 43.257116 44.570807 46.266508
14.800000 41.230106 42.427096 43.273702 43.465664 44.751126 46.446005
14.840000 41.330068 42.629779 43.505653 43.678633 44.927413 46.643785
14.880000 41.431681 42.760015 43.737822 43.869796 45.188022 46.737965
14.920000 41.625421 42.899595 43.965981 44.058960 45.366299 46.876854
14.960000 41.757557 43.055141 44.199774 44.256292 45.514361 47.060678
15.000000 41.975451 43.248616 44.452663 44.462336 45.687122 47.172241
15.040000 42.103684 43.441465 44.718270 44.674855 45.832466 47.287900
15.080000 42.284963 43.605013 44.922889 44.866821 46.024131 47.454078
15.120000 42.473911 43.775493 45.151553 45.063891 46.190781 47.599783
15.160000 42.640708 43.957061 45.359796 45.263508 46.371100 47.696852
15.200000 42.860750 44.151183 45.568268 45.459378 46.580660 47.852424
15.240000 43.108864 44.342848 45.796440 45.663361 46.807005 47.940465
15.280000 43.281350 44.572961 46.045658 45.867640 46.985367 48.030526
15.320000 43.510350 44.842347 46.286583 46.075902 47.161944 48.187541
15.360000 43.782945 45.039464 46.508309 46.288211 47.341762 48.331793
15.400000 43.990648 45.289585 46.701470 46.494003 47.495389 48.420979
15.440000 44.208541 45.566113 46.865314 46.702504 47.683622 48.554396
15.480000 44.408003 45.831974 47.040635 46.894017 47.863797 48.646371
15.520000 44.636554 46.145149 47.225106 47.096691 47.997861 48.770387
15.560000 44.908737 46.395852 47.392319 47.282573 48.172172 48.860064
15.600000 45.153002 46.664791 47.550549 47.467722 48.360256 48.960998
15.640000 45.662077 46.892307 47.694124 47.653639 48.505884 49.118477
15.680000 45.988468 47.111325 47.848120 47.829192 48.618894 49.200642
15.720000 46.281145 47.295128 48.013763 48.002191 48.760863 49.356187
15.760000 46.482207 47.475389 48.209046 48.177235 48.924155 49.505770
15.800000 46.816732 47.649032 48.382518 48.361719 49.106265 49.641082
15.840000 47.056423 47.880902 48.574285 48.543811 49.253327 49.820297
15.880000 47.432087 48.047640 48.757057 48.726204 49.403745 50.030187
15.920000 47.702400 48.246170 48.944657 48.911448 49.564600 50.226564
15.960000 47.875352 48.417996 49.129617 49.088913 49.708680 50.343055
15.980000 47.928477 48.495039 49.211476 49.172364 49.788644 50.413023
16.000000 47.989307 48.568116 49.291158 49.258762 49.894629 50.479623
16.040000 48.111654 48.763332 49.472630 49.457027 50.100464 50.700865
16.080000 48.242456 48.976988 49.681756 49.652602 50.286812 50.960984
16.120000 48.349036 49.136515 49.867711 49.846387 50.509907 51.203241
16.160000 48.462421 49.331889 50.040178 50.039818 50.752731 51.483878
16.200000 48.616015 49.547541 50.225766 50.233208 50.959449 51.834028
16.240000 48.711610 49.711745 50.380853 50.420623 51.159741 52.168884
16.280000 48.821118 49.869994 50.570581 50.608926 51.355312 52.502761
16.320000 49.093319 50.020274 50.757232 50.808083 51.593857 52.773068
16.360000 49.184333 50.169287 50.972123 51.015105 51.859341 53.211794
16.400000 49.288070 50.341931 51.179583 51.226465 52.124538 53.657351
16.440000 49.398033 50.487848 51.374223 51.446591 52.413145 53.955141
16.480000 49.521533 50.624419 51.566141 51.657492 52.685092 54.315430
16.520000 49.652850 50.782832 51.782038 51.872510 52.943928 54.551391
16.560000 49.804645 50.946815 51.964832 52.088597 53.245034 54.785563
16.600000 49.966644 51.089301 52.187106 52.299363 53.467021 54.988391
16.640000 50.089654 51.257000 52.375735 52.499870 53.685023 55.316582
16.720000 50.534091 51.664255 52.851306 52.998194 54.264120 56.452290
16.760000 50.679804 51.845181 53.040240 53.199048 54.478703 56.735355
16.800000 50.853290 52.015159 53.207369 53.393166 54.700358 56.932239
16.840000 50.988451 52.145501 53.403539 53.586799 54.956556 57.088432
16.880000 51.165324 52.330590 53.631788 53.786597 55.186574 57.313314
16.920000 51.370625 52.490483 53.853448 53.988418 55.433421 57.515349
16.960000 51.556691 52.668364 54.086515 54.196620 55.681428 57.783960
17.000000 51.660285 52.887506 54.306460 54.401359 55.926891 58.125782
17.040000 51.778338 53.087878 54.545139 54.611395 56.164595 58.258773
17.080000 51.928434 53.252061 54.720728 54.808825 56.381587 58.502965
17.120000 52.085009 53.494082 54.982084 55.021432 56.644855 58.668882
17.160000 52.220435 53.730895 55.257350 55.233642 56.785713 58.821383
17.200000 52.407529 53.940223 55.470199 55.456571 56.963457 59.030633
17.240000 52.473817 54.171497 55.741958 55.684247 57.135978 59.307465
17.270000 52.588664 54.322084 55.901049 55.834416 57.263847 59.399418
17.300000 52.678561 54.495020 56.053666 55.987335 57.368196 59.527109
17.330000 52.773700 54.698529 56.211849 56.148036 57.505794 59.654513
17.360000 52.905070 54.839358 56.369984 56.313553 57.620729 59.780897
17.400000 53.134913 55.019947 56.614297 56.542777 57.842424 59.951404
17.440000 53.314629 55.218015 56.869349 56.777810 58.063328 60.074590
17.470000 53.483824 55.360572 57.028256 56.940414 58.210913 60.219342
17.500000 53.678723 55.583271 57.205417 57.107415 58.355829 60.310387
17.530000 53.884035 55.903171 57.367762 57.276356 58.479542 60.445157
17.570000 54.070140 56.290593 57.589801 57.526468 58.686572 60.600285
17.600000 54.176404 56.522245 57.763455 57.696865 58.824199 60.772024
17.640000 54.336771 56.908494 58.044478 57.944092 59.000604 60.956441
17.680000 54.465059 57.225724 58.302351 58.199319 59.222018 61.094303
17.720000 54.664161 57.539158 58.560085 58.444454 59.428652 61.196174
17.760000 54.867098 57.776400 58.808521 58.684802 59.638947 61.352554
17.800000 55.094709 58.043234 59.080040 58.925527 59.873627 61.510348
17.830000 55.323472 58.236925 59.242203 59.104345 60.096003 61.636997
17.860000 55.497168 58.394333 59.404042 59.281985 60.280465 61.718241
17.900000 55.825299 58.683051 59.656400 59.540022 60.564394 61.889067
17.930000 55.950022 58.893114 59.804689 59.723230 60.760151 62.142004
17.970000 56.202674 59.133909 60.032570 59.977400 61.055994 62.291768
18.000000 56.513435 59.344264 60.245486 60.169267 61.243377 62.448545
18.030000 56.732812 59.524051 60.443958 60.361369 61.439786 62.542884
18.060000 57.107257 59.699835 60.639343 60.556067 61.604033 62.692290
18.100000 57.454249 59.972778 60.867941 60.813877 61.850008 62.958238
18.130000 57.605783 60.166060 61.061495 61.007861 62.018178 63.202990
18.170000 58.105950 60.417167 61.318780 61.278261 62.241926 63.464034
18.200000 58.386080 60.621439 61.484830 61.464310 62.477415 63.611129
18.230000 58.794306 60.814342 61.663945 61.652360 62.637437 63.748491
18.270000 59.569001 61.038898 61.889922 61.901333 62.825685 64.084134
18.300000 59.756519 61.204373 62.076363 62.085572 63.041916 64.272395
18.330000 59.972335 61.407148 62.277570 62.275435 63.234107 64.430424
18.370000 60.395576 61.643394 62.515568 62.558377 63.562991 64.831877
18.400000 60.650417 61.825667 62.689133 62.758762 63.730948 65.036390
18.440000 61.070743 62.205609 62.984392 63.058883 64.026427 65.260503
18.480000 61.401002 62.450108 63.259313 63.325956 64.304208 65.489429
18.520000 61.648559 62.658177 63.506761 63.582880 64.535813 65.696572
18.560000 61.842725 62.856947 63.773185 63.818954 64.754742 65.925601
18.600000 62.075982 63.031056 63.994834 64.045509 65.016502 66.165080
18.640000 62.297463 63.247071 64.197832 64.272542 65.311469 66.426036
18.680000 62.474956 63.417273 64.423395 64.482379 65.587947 66.689500
18.720000 62.769684 63.609968 64.649925 64.696200 65.811601 66.902483
18.760000 62.962007 63.773023 64.864008 64.901856 66.060647 67.154898
18.800000 63.088050 64.011052 65.060049 65.104874 66.251965 67.303786
18.840000 63.294904 64.243881 65.266479 65.318515 66.465495 67.500690
18.880000 63.470585 64.467132 65.490735 65.535841 66.697144 67.652134
18.920000 63.643760 64.700598 65.718526 65.751124 66.915044 67.911853
18.960000 63.845002 64.886562 65.934172 65.977852 67.154019 68.226206
19.000000 64.036809 65.080206 66.133968 66.189435 67.356266 68.418610
19.030000 64.249406 65.236432 66.295586 66.355823 67.531805 68.553255
19.080000 64.546571 65.495252 66.540482 66.620513 67.762419 68.772164
19.120000 64.772470 65.739312 66.738757 66.838761 67.952397 69.013835
19.160000 65.032355 66.015287 66.928836 67.055179 68.141063 69.226647
19.200000 65.415160 66.270987 67.148733 67.274579 68.350053 69.442087
19.240000 65.764870 66.545529 67.360566 67.501487 68.536196 69.689484
19.280000 66.020895 66.784125 67.577906 67.729135 68.751175 69.873702
19.320000 66.296623 67.039812 67.826196 67.967073 68.969732 70.214474
19.360000 66.540703 67.319987 68.059839 68.234122 69.233680 70.464763
19.400000 66.894381 67.580075 68.348301 68.527426 69.535281 71.017497
19.430000 67.033597 67.781113 68.561348 68.738056 69.735166 71.317824
19.480000 67.392224 68.134967 68.958440 69.139187 70.166072 72.166666
19.500000 67.547379 68.250512 69.101029 69.277728 70.339285 72.343582
19.530000 67.760807 68.474676 69.285551 69.487401 70.557933 72.632930
19.570000 68.069497 68.747608 69.548584 69.786491 70.874646 72.999344
19.600000 68.273800 68.938114 69.742802 69.999435 71.103132 73.266354
19.640000 68.505719 69.252325 70.014868 70.290403 71.356093 73.588959
19.670000 68.687442 69.445948 70.200243 70.505238 71.565350 73.888067
19.700000 68.955819 69.647716 70.379438 70.706057 71.858278 73.983857
19.730000 69.142308 69.836436 70.552348 70.906141 72.124590 74.133283
19.770000 69.375043 70.094408 70.825638 71.177276 72.404711 74.471661
19.800000 69.622560 70.255567 71.055937 71.383919 72.634551 74.707019
19.830000 69.819787 70.458553 71.247574 71.594286 72.789363 75.014968
19.870000 70.035738 70.692977 71.554645 71.871942 73.027559 75.416965
19.930000 70.242936 71.120469 71.996919 72.319329 73.531362 76.116620
19.970000 70.480200 71.350574 72.302646 72.594374 73.808846 76.629214
20.000000 70.595347 71.544201 72.518634 72.787820 74.008207 76.872286
20.030000 70.768669 71.713865 72.707489 72.979298 74.179290 77.028884
20.070000 70.937129 72.011626 72.972700 73.263474 74.473804 77.300969
20.110000 71.112159 72.351706 73.257960 73.566116 74.809873 77.582037
20.140000 71.235254 72.539669 73.505025 73.786529 75.043984 77.706380
20.170000 71.369632 72.745822 73.765315 74.020721 75.290856 77.898567
20.200000 71.528170 72.973053 74.032376 74.264033 75.448578 78.070232
20.230000 71.689715 73.231223 74.419080 74.562421 75.685229 78.304667
20.270000 71.800622 73.568374 74.955628 74.970257 76.123698 78.625491
20.300000 71.993844 73.764926 75.247052 75.204655 76.351911 78.809822
20.330000 72.135393 73.988028 75.461125 75.432066 76.689263 79.082624
20.370000 72.349185 74.191908 75.751505 75.717965 77.072969 79.311823
20.400000 72.575744 74.332106 75.983314 75.931216 77.382119 79.427316
20.430000 72.757138 74.472113 76.250633 76.145333 77.724143 79.523664
20.470000 72.995496 74.661490 76.613484 76.463700 78.134426 79.815376
20.500000 73.202066 74.807389 76.915656 76.696792 78.305658 79.945999
20.530000 73.360063 74.956795 77.183368 76.925990 78.606416 80.148508
20.560000 73.540796 75.138044 77.429150 77.154210 78.861310 80.425541
20.600000 73.799942 75.443533 77.762278 77.469645 79.133246 80.653205
20.630000 74.032806 75.715711 77.954664 77.712660 79.361121 80.821282
20.670000 74.449100 76.114071 78.280750 78.044724 79.682513 81.040008
20.700000 74.641266 76.331563 78.549240 78.295785 79.909976 81.244411
20.730000 74.844616 76.543167 78.815495 78.551008 80.175106 81.492974
20.770000 75.411562 76.884782 79.206155 78.914273 80.484548 81.788250
20.800000 75.701343 77.208329 79.466528 79.172233 80.750549 82.048227
20.870000 76.460078 78.347327 80.108166 79.908326 81.234386 82.519180
20.900000 76.708681 78.723181 80.368684 80.170023 81.444495 82.775625
20.930000 76.992334 79.011756 80.576811 80.419051 81.661229 83.050250
20.970000 77.649742 79.500575 80.850703 80.788206 81.931811 83.456782
21.000000 78.111497 79.809058 81.094837 81.059269 82.168263 83.695963
21.030000 78.515922 80.169830 81.356730 81.328961 82.392475 83.868227
21.070000 79.115926 80.677950 81.735059 81.724616 82.726735 84.159377
21.130000 80.198791 81.555966 82.497463 82.528801 83.449654 85.050980
21.170000 80.562671 81.937425 82.863379 82.936619 83.868470 85.325761
21.200000 80.967782 82.238925 83.185614 83.248722 84.169433 85.610298
21.230000 81.383854 82.527021 83.443683 83.526809 84.432528 85.909594
21.270000 81.591419 82.900261 83.853226 83.905596 84.855375 86.370331
21.300000 81.757042 83.186844 84.155033 84.190620 85.108176 86.556037
21.330000 82.010340 83.478038 84.442450 84.468250 85.354659 86.961798
21.370000 82.335519 83.902200 84.817726 84.831502 85.618344 87.764186
21.400000 82.574629 84.165355 85.062768 85.092493 85.809306 88.672000
21.430000 82.795849 84.442921 85.319156 85.371522 86.024362 89.659304
21.470000 83.067867 84.832076 85.674019 85.757360 86.329031 90.850965
21.500000 83.292515 85.166664 85.929377 86.044518 86.579132 91.398494
21.530000 83.621393 85.557463 86.191746 86.360913 86.837286 91.769529
21.570000 84.073234 86.096283 86.563716 86.839260 87.263769 92.270749
21.600000 84.344384 86.426974 86.898906 87.185933 87.631353 92.517250
21.630000 84.744952 86.714290 87.204678 87.515068 88.026069 92.848843
21.670000 85.380991 87.060637 87.633849 87.969942 88.670297 93.164199
21.730000 86.937572 87.564384 88.292236 88.765543 89.983675 93.650134
21.800000 87.468937 88.210694 89.469952 89.702210 91.027546 94.099439
21.830000 87.756846 88.560494 89.808237 90.021187 91.448511 94.242722
21.870000 88.104844 89.082942 90.200459 90.471860 92.030285 94.482948
21.900000 88.483804 89.437723 90.481060 90.784787 92.422348 94.697090
21.930000 88.740361 89.781654 90.815329 91.142975 92.868175 94.945155
21.970000 89.260475 90.389935 91.417694 91.719541 93.371308 95.213227
22.000000 89.688254 90.804014 91.848365 92.120737 93.798277 95.483712
22.030000 90.139196 91.135824 92.250614 92.506481 94.101889 95.672855
22.070000 90.862599 91.757045 93.027452 93.116601 94.587551 95.893586
22.100000 91.234461 92.169348 93.422425 93.495879 94.973997 96.123484
22.130000 91.628182 92.587918 93.861222 93.886361 95.289764 96.365246
22.170000 92.019719 93.015591 94.393213 94.346904 95.739956 96.795234
22.200000 92.345734 93.337333 94.701357 94.665049 96.011474 97.337693
22.230000 92.575352 93.641966 94.940553 94.942071 96.272384 97.751908
22.270000 92.906731 94.054005 95.297089 95.318576 96.605392 98.483622
22.300000 93.135018 94.310882 95.533550 95.598542 96.868718 98.888940
22.330000 93.343094 94.590061 95.794905 95.876725 97.156713 99.110603
22.370000 93.791784 94.966631 96.183719 96.299303 97.660391 99.378002
22.400000 94.011551 95.245279 96.510623 96.600617 97.996388 99.595285
22.430000 94.329196 95.498980 96.788223 96.903226 98.267144 99.887934
22.470000 94.729847 95.806639 97.246035 97.284050 98.695751 100.206628
22.500000 95.006353 96.104880 97.533761 97.552631 98.962114 100.414013
22.530000 95.318314 96.357100 97.791287 97.805635 99.276284 100.593925
22.570000 95.567490 96.647170 98.160617 98.130501 99.585789 100.850044
22.600000 95.765424 96.915767 98.424783 98.367207 99.886542 101.017093
22.630000 95.976162 97.088637 98.654567 98.582388 100.125528 101.217333
22.670000 96.221432 97.347291 98.940719 98.854469 100.399093 101.395355
22.700000 96.391591 97.502623 99.171231 99.061693 100.608968 101.602114
22.730000 96.588386 97.662354 99.377823 99.265015 100.832279 101.841143
22.770000 96.796315 97.905750 99.661715 99.527328 101.084638 102.149920
22.800000 96.935367 98.092449 99.856050 99.713435 101.277973 102.397663
22.830000 97.065591 98.280508 100.044942 99.909459 101.485321 102.602328
22.870000 97.287371 98.511716 100.299248 100.164329 101.733417 102.817264
22.900000 97.502133 98.703667 100.483208 100.359935 101.920250 102.940084
22.930000 97.690998 98.925995 100.657664 100.552135 102.086431 103.096548
22.970000 97.849674 99.152375 100.904572 100.804592 102.340775 103.448167
23.000000 98.022408 99.356305 101.104617 100.998824 102.543135 103.677614
23.030000 98.123534 99.541403 101.272406 101.184780 102.720369 103.876469
23.070000 98.290378 99.818437 101.505340 101.422085 102.911472 104.072989
23.100000 98.472583 100.000524 101.682080 101.607427 103.081298 104.277183
23.130000 98.658304 100.210968 101.866813 101.800409 103.299057 104.516794
23.170000 98.841731 100.464237 102.117651 102.056396 103.543587 104.656243
23.200000 99.023728 100.662696 102.327416 102.257887 103.738846 104.940131
23.230000 99.247726 100.940492 102.544347 102.464446 103.898571 105.131637
23.270000 99.516998 101.245255 102.825323 102.741707 104.178167 105.415204
23.300000 99.691024 101.445164 103.048565 102.936577 104.339267 105.637828
23.330000 99.874802 101.648204 103.251160 103.132187 104.485833 105.799350
23.370000 100.127234 101.972647 103.509291 103.394886 104.732666 106.078878
23.400000 100.331497 102.196948 103.719495 103.593525 104.915248 106.325745
23.440000 100.655567 102.454849 103.970270 103.840075 105.162909 106.585193
23.480000 100.893723 102.785669 104.225188 104.113310 105.410537 106.796902
23.500000 100.991949 102.911173 104.365970 104.260351 105.540866 106.915510
23.520000 101.164065 103.088395 104.492351 104.407754 105.661910 107.017065
23.560000 101.462646 103.536283 104.848879 104.739080 105.931417 107.195652
23.600000 101.733892 103.853148 105.194713 105.053426 106.216015 107.406892
23.640000 101.917942 104.125122 105.498378 105.337613 106.482036 107.663294
23.680000 102.175511 104.413023 105.783290 105.602077 106.739906 107.863196
23.700000 102.326765 104.599338 105.934651 105.745375 106.874427 107.978630
23.720000 102.482329 104.808185 106.089714 105.904901 107.015237 108.075213
23.760000 102.874480 105.170017 106.410680 106.216190 107.257286 108.255067
23.800000 103.128985 105.592116 106.734684 106.533470 107.513701 108.462673
23.840000 103.441030 106.022525 107.081415 106.855488 107.822412 108.718929
23.880000 103.747625 106.345037 107.417200 107.188511 108.120273 108.936453
23.920000 104.168051 106.831603 107.829747 107.571284 108.472366 109.188152
23.960000 104.556168 107.324585 108.280384 108.028753 108.922486 109.580154
24.040000 105.287318 108.508492 109.207730 109.028514 109.798141 110.414332
24.080000 105.537378 108.870076 109.618695 109.422365 110.220241 110.860258
24.120000 106.020795 109.167395 109.965526 109.783786 110.638361 111.214813
24.160000 107.002501 109.449027 110.299972 110.147438 111.036679 111.595645
24.200000 107.442778 109.750915 110.674032 110.530821 111.420929 111.960385
24.240000 108.222922 110.253100 111.189674 110.986880 111.836182 112.400890
24.280000 109.150793 110.824049 111.655829 111.457145 112.216826 112.739686
24.320000 109.705055 111.504784 112.189874 111.996261 112.690488 113.120304
24.360000 110.033308 112.131322 112.754259 112.574895 113.216653 113.668486
24.400000 111.516273 112.740873 113.271292 113.147362 113.756200 114.311470
24.440000 112.425516 113.297300 113.762151 113.665249 114.218826 114.804614
24.480000 112.964834 113.784598 114.290610 114.221452 114.839162 115.510112
24.520000 113.576177 114.285681 114.824134 114.765114 115.427425 116.070866
24.560000 113.971279 114.715351 115.285865 115.261707 115.985498 116.591446
24.600000 114.339909 115.132039 115.770568 115.739083 116.526381 117.219120
24.640000 114.663124 115.535095 116.278197 116.232468 116.983055 117.683062
24.680000 115.099672 116.062628 116.905572 116.830055 117.632188 118.198459
24.720000 115.622250 116.640405 117.502437 117.409461 118.196444 118.762934
24.760000 116.342859 117.259797 118.043320 117.983238 118.704617 119.307333
24.790000 116.763582 117.723772 118.503060 118.435899 119.153084 119.805043
24.840000 118.143590 118.916675 119.644937 119.642236 120.389575 121.193211
24.880000 118.770233 119.577662 120.277470 120.286291 120.992539 121.890834
24.920000 119.311816 120.152492 120.862875 120.882098 121.599479 122.493417
24.960000 119.854901 120.574864 121.360346 121.378266 122.173038 123.150166
25.000000 120.210689 120.968438 121.859601 121.874694 122.734273 123.900987
25.040000 120.499306 121.381672 122.288105 122.313703 123.252832 124.497210
25.080000 120.757633 121.747189 122.670020 122.723251 123.732471 125.047697
25.120000 121.080928 122.134044 123.065900 123.126072 124.221211 125.553215
25.160000 121.455075 122.456631 123.449713 123.524893 124.630140 125.919787
25.200000 121.713122 122.753434 123.780683 123.872289 124.986883 126.308071
25.240000 122.024936 123.095300 124.151250 124.234762 125.434181 126.711979
25.280000 122.332830 123.422771 124.517829 124.596582 125.832259 127.144484
25.320000 122.658666 123.803453 124.919358 124.962935 126.175565 127.483544
25.360000 123.004680 124.075295 125.307256 125.310320 126.524082 127.737026
25.400000 123.252961 124.421106 125.632730 125.636119 126.833254 128.032069
25.440000 123.533772 124.749118 125.976175 125.961019 127.156725 128.229549
25.480000 123.958699 125.051796 126.346602 126.279625 127.474729 128.464024
25.520000 124.186676 125.428507 126.650516 126.587839 127.773470 128.672547
25.560000 124.468458 125.786427 126.998650 126.910582 128.034370 128.880496
25.600000 124.797385 126.210726 127.350881 127.246044 128.298139 129.130544
25.640000 125.330366 126.613518 127.728050 127.601697 128.600877 129.356803
25.680000 125.763786 127.055389 128.106233 127.971877 128.873429 129.561704
25.720000 126.239344 127.543117 128.492389 128.373285 129.182467 129.804141
25.760000 126.920930 128.101756 128.910334 128.807297 129.510668 130.036835
25.800000 127.620347 128.733877 129.402883 129.307742 129.901400 130.328892
25.840000 128.434287 129.294316 129.842971 129.755378 130.238177 130.648750
25.880000 129.025420 129.695221 130.192284 130.128412 130.571655 130.938617
25.920000 129.388746 130.044485 130.490033 130.432298 130.838728 131.176838
25.960000 129.805825 130.352305 130.771296 130.725909 131.125538 131.394201
26.000000 130.104549 130.630725 131.051324 131.000332 131.374134 131.634759
26.100000 130.900447 131.319405 131.677593 131.647295 131.970388 132.265352
26.200000 131.734964 132.014547 132.294654 132.289331 132.575057 132.796935
26.240000 131.982979 132.281951 132.538210 132.538418 132.808038 133.003715
26.280000 132.316190 132.563904 132.813979 132.812508 133.064002 133.277463
26.320000 132.617533 132.845647 133.116306 133.103399 133.353646 133.515695
26.360000 133.017057 133.279479 133.490179 133.482414 133.696231 133.857412
26.400000 133.460400 133.627759 133.812231 133.801002 133.962726 134.126280
26.440000 133.703074 133.897618 134.055704 134.050318 134.211185 134.349015
26.480000 133.913433 134.119457 134.272276 134.268183 134.423243 134.578183
26.520000 134.128815 134.324853 134.473757 134.469554 134.620598 134.771615
26.560000 134.369523 134.533887 134.691383 134.686714 134.836638 134.994031
26.600000 134.621289 134.772397 134.920841 134.918656 135.053254 135.235482
26.630000 134.799228 134.962446 135.115251 135.123602 135.285121 135.499373
26.670000 135.029525 135.202282 135.358079 135.383753 135.565258 135.838449
26.700000 135.178054 135.355687 135.534548 135.568636 135.783683 136.161435
26.730000 135.318319 135.501356 135.709895 135.766089 136.025588 136.585766
26.770000 135.470585 135.678689 135.926133 136.019897 136.356134 137.164697
26.800000 135.576634 135.815029 136.076983 136.196021 136.589376 137.465496
26.830000 135.684669 135.935051 136.225704 136.369764 136.805917 137.781416
26.870000 135.818249 136.095089 136.416408 136.581134 137.100975 138.272989
26.900000 135.938236 136.209325 136.556760 136.745435 137.299538 138.545807
26.930000 136.028007 136.345286 136.715941 136.907694 137.527428 138.780813
26.970000 136.170360 136.495495 136.908065 137.120120 137.758929 139.086403
27.000000 136.303793 136.637373 137.078315 137.281859 137.945326 139.313344
27.030000 136.396305 136.769060 137.246821 137.449381 138.157456 139.517041
27.070000 136.533796 136.938465 137.461311 137.667472 138.447548 139.806161
27.100000 136.650071 137.058145 137.633714 137.833232 138.639134 139.952630
27.130000 136.746173 137.217267 137.787799 138.007653 138.823297 140.209688
27.170000 136.926720 137.401824 138.014116 138.238144 139.144056 140.552682
27.200000 137.069633 137.552988 138.194577 138.415673 139.357615 140.801770
27.240000 137.270046 137.716546 138.406832 138.647927 139.657734 141.127504
27.260000 137.360051 137.823496 138.552441 138.782283 139.791442 141.299102
27.280000 137.488886 137.941811 138.673414 138.909285 139.911903 141.478704
27.320000 137.682454 138.160244 138.960483 139.160836 140.160016 141.759785
27.400000 137.961516 138.569814 139.425202 139.617130 140.741838 142.372833
27.440000 138.170674 138.790686 139.646323 139.855166 140.989679 142.572979
27.480000 138.334077 139.007402 139.878709 140.091770 141.272617 142.841261
27.520000 138.529898 139.222625 140.127962 140.335199 141.552754 143.061169
27.560000 138.754846 139.444424 140.439999 140.586892 141.793220 143.379684
27.600000 138.919980 139.657214 140.699789 140.838013 142.049290 143.597368
27.640000 139.150605 139.918448 140.933702 141.080358 142.291434 143.836477
27.680000 139.357100 140.156561 141.178583 141.333493 142.532941 144.115330
27.800000 139.913818 140.792845 141.879905 142.044705 143.336628 145.059436
27.900000 140.496008 141.289089 142.468609 142.637352 143.981863 145.835139
28.000000 140.905273 141.808619 143.090346 143.222120 144.659457 146.449890
28.100000 141.331961 142.364890 143.723339 143.857457 145.431552 147.303767
28.200000 141.936772 142.891219 144.356220 144.493881 146.077654 147.938813
28.300000 142.579325 143.498834 145.024581 145.163445 146.815683 148.654038
28.400000 143.100591 144.146815 145.782846 145.868002 147.602834 149.397292
