depth(m) lower_95(kyr) lower_68(kyr) median(kyr) mean(kyr) upper_68(kyr) upper_95(kyr)
0.175000 0.060625 0.285968 0.705286 0.701082 1.075888 1.439203
0.200000 0.137868 0.359202 0.781014 0.774174 1.136380 1.504329
0.220000 0.194342 0.436240 0.842466 0.830487 1.192481 1.546452
0.270000 0.316744 0.590442 0.978169 0.964984 1.304578 1.672717
0.300000 0.403133 0.676970 1.057594 1.045720 1.380180 1.743664
0.320000 0.479524 0.744961 1.111363 1.098883 1.433999 1.785972
0.400000 0.702232 0.969935 1.301826 1.294035 1.601531 1.916068
0.470000 0.890825 1.160030 1.466263 1.463694 1.763365 2.053635
0.500000 1.006699 1.258308 1.548442 1.544578 1.833674 2.118069
0.520000 1.069194 1.326278 1.604764 1.601792 1.881553 2.163348
0.575000 1.276773 1.488531 1.754571 1.758702 2.031920 2.324067
0.600000 1.329450 1.555166 1.829871 1.841976 2.140865 2.430595
0.620000 1.377718 1.604443 1.894558 1.908581 2.221568 2.528731
0.670000 1.488277 1.762336 2.092269 2.141539 2.517522 3.068429
0.700000 1.566433 1.868734 2.193079 2.257770 2.654441 3.282571
0.720000 1.605346 1.921678 2.262551 2.327209 2.737198 3.410517
0.780000 1.730635 2.098635 2.484984 2.601774 3.139336 4.051771
0.870000 1.905353 2.346186 2.888802 3.141183 4.098460 5.369053
0.900000 1.968754 2.428792 3.055483 3.266682 4.220709 5.623377
0.920000 2.025679 2.488990 3.119094 3.346141 4.297974 5.765053
0.980000 2.176235 2.706269 3.513146 3.698721 4.763096 6.085315
1.020000 2.304300 2.858655 3.712112 3.893850 4.998353 6.320745
1.070000 2.427270 3.009789 3.978445 4.156785 5.340521 6.660477
1.100000 2.552223 3.113431 4.108123 4.294027 5.515574 6.786763
1.120000 2.604435 3.183198 4.196951 4.381183 5.628940 6.853009
1.175000 2.790738 3.462350 4.598393 4.752677 6.067904 7.259956
1.220000 2.927958 3.682633 4.895035 5.025310 6.368116 7.551039
1.270000 3.118954 3.934356 5.274050 5.358830 6.722601 8.024858
1.300000 3.279239 4.076793 5.414986 5.507519 6.868508 8.191742
1.320000 3.315904 4.196101 5.517987 5.600864 6.962134 8.287715
1.370000 3.494970 4.538269 5.917742 5.956162 7.303364 8.796681
1.375000 3.507536 4.553247 5.951387 5.975567 7.330227 8.811581
1.400000 3.587395 4.650013 6.108783 6.105310 7.524045 8.910278
1.420000 3.672050 4.743944 6.218943 6.204009 7.602651 8.961943
1.470000 3.867067 5.048473 6.664201 6.617132 7.979045 9.353505
1.480000 3.912458 5.104411 6.718031 6.661603 8.034790 9.401263
1.520000 4.257095 5.460432 7.044065 6.971255 8.346882 9.657660
1.575000 4.824826 6.076841 7.525555 7.529128 8.938649 10.181832
1.600000 4.960092 6.265842 7.688200 7.673796 9.111845 10.327385
1.620000 5.075561 6.388498 7.788072 7.782450 9.215945 10.381726
1.670000 5.541024 7.025774 8.339156 8.328927 9.738455 10.770291
1.700000 5.673430 7.251456 8.561676 8.540025 9.919339 10.935388
1.720000 5.767963 7.386223 8.685025 8.654348 10.016592 11.020204
1.775000 6.403663 7.986810 9.253584 9.227130 10.564032 11.386632
1.800000 6.532057 8.157524 9.406949 9.363660 10.723690 11.472529
1.820000 6.614439 8.256995 9.508735 9.463530 10.826303 11.531353
1.870000 7.158722 8.609993 9.965937 9.853309 11.189170 11.744548
1.900000 7.328093 8.751629 10.143424 10.006109 11.314755 11.849819
1.920000 7.571825 8.862195 10.254608 10.100727 11.385593 11.918560
1.975000 8.189285 9.252138 10.580859 10.480625 11.643247 12.155312
2.000000 8.358246 9.399020 10.722463 10.606714 11.746688 12.255112
2.070000 8.952559 10.164099 11.517035 11.245488 12.190994 12.658413
2.100000 9.065578 10.326979 11.686314 11.401403 12.316633 12.791229
2.120000 9.168043 10.413538 11.788010 11.487424 12.381132 12.856530
2.175000 9.571628 10.845459 12.103181 11.818022 12.599241 13.043760
2.200000 9.708499 10.977891 12.195083 11.920498 12.685780 13.132578
2.225000 9.827711 11.130706 12.286699 12.019002 12.773144 13.214944
2.270000 10.158701 11.438192 12.422773 12.226765 12.950267 13.415379
2.300000 10.295243 11.591361 12.511721 12.335311 13.043603 13.511912
2.320000 10.440517 11.646455 12.562506 12.405996 13.102933 13.557040
2.385000 11.161473 12.103259 12.783672 12.696376 13.300506 13.765097
2.400000 11.233974 12.158506 12.833594 12.747115 13.341889 13.819457
2.420000 11.313367 12.253113 12.906816 12.819802 13.390950 13.879891
2.470000 11.657803 12.538467 13.094238 13.034431 13.576812 14.047403
2.500000 11.783083 12.662532 13.198605 13.136621 13.667374 14.112434
2.520000 11.829006 12.739332 13.268373 13.204141 13.727095 14.183443
2.600000 12.289079 13.027317 13.546910 13.499694 13.961583 14.448501
2.620000 12.347427 13.104324 13.612916 13.564028 14.017929 14.508625
2.670000 12.589045 13.262236 13.785364 13.734885 14.205556 14.648656
2.700000 12.673764 13.345838 13.889075 13.829733 14.295299 14.734992
2.720000 12.727643 13.405612 13.953471 13.890799 14.345855 14.804616
2.775000 12.927299 13.580132 14.118843 14.061063 14.519117 14.974220
2.800000 13.008826 13.657640 14.207230 14.140774 14.592512 15.039195
2.820000 13.065058 13.715442 14.271614 14.206395 14.651453 15.115564
2.870000 13.237879 13.903770 14.418441 14.374044 14.820263 15.237569
2.900000 13.338480 14.012891 14.508812 14.471695 14.915007 15.330669
2.920000 13.407166 14.095427 14.562319 14.533299 14.970412 15.400959
2.965000 13.628715 14.215256 14.690843 14.663246 15.115906 15.520139
2.980000 13.679787 14.254799 14.725001 14.706512 15.155032 15.572376
3.020000 13.815694 14.396711 14.833681 14.823098 15.270820 15.694771
3.070000 13.926260 14.571520 14.996628 14.979867 15.432586 15.843389
3.080000 13.949598 14.604651 15.022897 15.009413 15.459809 15.864834
3.120000 14.107637 14.735760 15.144894 15.130564 15.567294 15.973539
3.175000 14.318448 14.893586 15.311361 15.308548 15.759869 16.171543
3.180000 14.340942 14.909120 15.324991 15.323265 15.770817 16.189762
3.220000 14.546319 15.032639 15.435599 15.440108 15.873107 16.336427
3.270000 14.687025 15.175593 15.568702 15.590836 16.010962 16.501995
3.280000 14.731684 15.220460 15.600321 15.622568 16.044339 16.518827
3.335000 15.124241 15.504922 15.830271 15.878102 16.259200 16.813954
3.370000 15.290112 15.669427 16.020342 16.053529 16.440507 16.967007
3.380000 15.354928 15.706192 16.055123 16.090752 16.484750 16.990895
3.420000 15.527609 15.872863 16.242173 16.265709 16.679636 17.230964
3.470000 15.705164 16.018464 16.426090 16.478536 16.950816 17.559959
3.480000 15.735008 16.045920 16.461709 16.513518 16.982320 17.606841
3.535000 15.903274 16.224741 16.678801 16.771148 17.319722 18.042293
3.570000 15.992643 16.331098 16.816707 16.908684 17.501655 18.190240
3.580000 16.013911 16.364506 16.847778 16.941557 17.541301 18.256091
3.620000 16.110927 16.497978 17.001156 17.087206 17.692747 18.427138
3.670000 16.244827 16.655968 17.158507 17.253409 17.886082 18.612149
3.680000 16.276573 16.686116 17.194039 17.285438 17.923016 18.656175
3.770000 16.446708 16.931280 17.521258 17.579044 18.226942 18.994228
3.780000 16.465178 16.960961 17.553234 17.609327 18.255418 19.024954
3.820000 16.532810 17.064340 17.685203 17.734759 18.404334 19.179592
3.870000 16.642494 17.208696 17.841130 17.885748 18.581662 19.467183
3.880000 16.660706 17.239946 17.869592 17.913974 18.606299 19.476889
3.935000 16.751658 17.368612 18.021252 18.068526 18.757579 19.713657
3.970000 16.816081 17.479538 18.130208 18.168726 18.880167 19.864232
3.980000 16.831102 17.510382 18.161880 18.195768 18.904547 19.893622
4.020000 16.901164 17.592802 18.267412 18.301692 19.021014 20.019950
4.070000 16.997365 17.721879 18.388232 18.429379 19.177415 20.107869
4.080000 17.017066 17.755134 18.409647 18.454638 19.204464 20.130806
4.135000 17.107067 17.880592 18.539235 18.594711 19.364660 20.284979
4.170000 17.154556 17.972678 18.630872 18.682054 19.462600 20.379369
4.180000 17.177374 18.003906 18.651715 18.708025 19.489187 20.399993
4.220000 17.282689 18.089402 18.757068 18.808807 19.593877 20.484355
4.270000 17.367999 18.203150 18.881932 18.932486 19.736157 20.623387
4.280000 17.384557 18.234990 18.915035 18.957649 19.769668 20.668981
4.335000 17.466666 18.348997 19.080862 19.090076 19.924804 20.752656
4.370000 17.536889 18.431339 19.170933 19.176866 20.028897 20.850586
4.380000 17.551560 18.452564 19.195697 19.202305 20.050394 20.884681
4.420000 17.645348 18.543933 19.291780 19.296571 20.167840 20.949771
4.470000 17.731503 18.641073 19.425844 19.418381 20.323614 21.111230
4.535000 17.843522 18.788204 19.569629 19.574175 20.504852 21.303484
4.570000 17.908264 18.858915 19.647508 19.655589 20.613325 21.393082
4.580000 17.926218 18.888252 19.671194 19.679737 20.629372 21.411368
4.620000 18.024807 18.982263 19.759147 19.775204 20.732224 21.495933
4.670000 18.136283 19.076099 19.874522 19.891309 20.851085 21.592746
4.680000 18.160184 19.096077 19.892189 19.915535 20.870391 21.618749
4.735000 18.263874 19.219885 20.019665 20.043691 21.026034 21.757585
4.770000 18.337298 19.303686 20.100675 20.127475 21.130222 21.851810
4.780000 18.362418 19.324387 20.121369 20.152133 21.161266 21.877458
4.820000 18.413699 19.397805 20.214559 20.247614 21.239642 21.958203
4.870000 18.523980 19.484072 20.313755 20.363818 21.377724 22.063834
4.880000 18.545834 19.503862 20.339961 20.388483 21.406946 22.079679
4.935000 18.706097 19.608016 20.446813 20.512931 21.542051 22.188873
4.970000 18.803447 19.691802 20.513941 20.594175 21.616570 22.301274
4.980000 18.828533 19.710383 20.537560 20.617714 21.641569 22.314247
5.020000 18.930360 19.802410 20.613676 20.711192 21.741166 22.437033
5.070000 19.085621 19.918061 20.715836 20.834008 21.884882 22.561427
5.080000 19.121528 19.944381 20.735366 20.858609 21.897406 22.583343
5.135000 19.330777 20.058107 20.853926 20.992356 22.084634 22.711141
5.170000 19.430322 20.113102 20.930595 21.074988 22.167956 22.804607
5.180000 19.448110 20.132432 20.958938 21.099600 22.186355 22.834959
5.220000 19.520557 20.212445 21.042387 21.193692 22.304657 22.991361
5.270000 19.583886 20.298523 21.166400 21.309560 22.431564 23.116464
5.280000 19.602576 20.321087 21.189246 21.333649 22.451908 23.136949
5.335000 19.785186 20.440673 21.342458 21.465355 22.562934 23.262503
5.370000 19.850055 20.509367 21.447872 21.549164 22.640068 23.330661
5.380000 19.868067 20.532002 21.476429 21.574762 22.662046 23.364522
5.420000 19.967772 20.637219 21.582806 21.678155 22.774592 23.487702
5.470000 20.069217 20.751086 21.775729 21.809849 22.886394 23.634444
5.480000 20.084891 20.776518 21.810472 21.835419 22.914317 23.676689
5.535000 20.189552 20.889829 21.971256 21.979866 23.033520 23.832031
5.570000 20.317982 21.004325 22.060172 22.071342 23.119569 23.994040
5.580000 20.341859 21.068073 22.090839 22.099382 23.139216 24.012685
5.620000 20.464514 21.226004 22.187223 22.215405 23.260568 24.151944
5.670000 20.586136 21.355274 22.320651 22.365400 23.387258 24.359299
5.680000 20.609697 21.381882 22.364182 22.394241 23.416876 24.391742
5.770000 20.813535 21.755960 22.739789 22.678829 23.672065 24.539819
5.780000 20.830278 21.772089 22.762596 22.706579 23.698224 24.604886
5.820000 20.916048 21.892165 22.909116 22.819553 23.815866 24.664092
5.870000 21.016373 22.011773 23.095759 22.974856 23.976209 24.768761
5.880000 21.043628 22.032350 23.124220 23.002087 23.995066 24.783205
5.935000 21.130541 22.184884 23.292783 23.159616 24.132057 24.868273
5.970000 21.188385 22.289142 23.432248 23.260115 24.214682 24.932163
6.020000 21.281604 22.408455 23.587027 23.400946 24.318678 24.993371
6.070000 21.351073 22.537222 23.735407 23.542418 24.446449 25.084964
6.080000 21.373389 22.559925 23.761152 23.568585 24.471046 25.113598
6.135000 21.445302 22.714038 23.938502 23.717578 24.610800 25.217560
6.170000 21.506081 22.811371 24.054006 23.814069 24.698615 25.309754
6.180000 21.522715 22.833982 24.079694 23.839671 24.733768 25.334049
6.220000 21.573323 22.947011 24.208748 23.941344 24.827434 25.454221
6.270000 21.636531 23.058919 24.333370 24.071680 24.939271 25.514956
6.280000 21.655842 23.074806 24.366039 24.097405 24.968397 25.534605
6.335000 21.735836 23.174080 24.543401 24.235257 25.090745 25.632143
6.370000 21.795002 23.262582 24.637273 24.320254 25.159879 25.682852
6.380000 21.813660 23.289681 24.666853 24.345974 25.184907 25.714529
6.420000 21.868148 23.378601 24.774178 24.447154 25.274145 25.799445
6.470000 21.928541 23.483245 24.893673 24.569449 25.386827 25.896450
6.480000 21.944658 23.511214 24.925747 24.594429 25.410839 25.911393
6.535000 22.064221 23.684806 25.078686 24.731225 25.528686 26.042362
6.570000 22.104287 23.770454 25.180146 24.817674 25.615801 26.121565
6.580000 22.140091 23.796610 25.199272 24.842640 25.636347 26.137528
6.620000 22.202137 23.927327 25.287597 24.937837 25.711290 26.214411
6.680000 22.311049 24.138064 25.424849 25.082862 25.832194 26.314737
6.735000 22.447875 24.320958 25.562164 25.216285 25.946265 26.428080
6.770000 22.533747 24.461987 25.659046 25.302509 26.019764 26.513662
6.780000 22.554187 24.483107 25.679106 25.327206 26.036360 26.527920
6.875000 22.705140 24.703510 25.869677 25.549161 26.233949 26.838065
6.970000 22.957255 24.944088 26.046091 25.771783 26.418155 27.124723
6.980000 22.977680 24.977401 26.067904 25.795847 26.439636 27.139976
7.020000 23.058116 25.050003 26.144932 25.891964 26.521400 27.206381
7.070000 23.161302 25.213417 26.251222 26.010066 26.634831 27.324041
7.080000 23.178884 25.244244 26.275085 26.033707 26.661042 27.351789
7.135000 23.337834 25.404232 26.365149 26.161494 26.794716 27.461098
7.170000 23.386612 25.479448 26.430489 26.242118 26.877499 27.595856
7.180000 23.408603 25.495028 26.451711 26.266255 26.903032 27.627352
7.220000 23.516347 25.623157 26.521579 26.359538 27.003216 27.764024
7.270000 23.591362 25.743710 26.622751 26.478831 27.120934 27.936607
7.280000 23.604530 25.773792 26.639749 26.503231 27.154178 27.967057
7.335000 23.706915 25.944247 26.736718 26.634502 27.284912 28.106047
7.370000 23.800955 26.078121 26.799838 26.719734 27.399633 28.197277
7.380000 23.823609 26.096796 26.821590 26.744970 27.438093 28.222441
7.420000 23.925275 26.239167 26.896479 26.844778 27.583815 28.349611
7.440000 24.037959 26.300987 26.937073 26.893258 27.638993 28.413645
7.475000 24.162143 26.449766 27.012523 26.979796 27.740533 28.523911
7.520000 24.320678 26.613808 27.096358 27.095846 27.869482 28.730469
7.570000 24.395984 26.750681 27.204412 27.232846 28.028064 29.007250
7.580000 24.420866 26.779868 27.218189 27.257151 28.067513 29.022822
7.620000 24.696463 26.886632 27.311437 27.356216 28.179691 29.145601
7.670000 24.974413 26.983079 27.396176 27.479576 28.341198 29.293669
7.680000 25.001318 27.002630 27.430536 27.503603 28.373243 29.324576
7.720000 25.269226 27.085907 27.537795 27.599715 28.492056 29.396886
7.735000 25.322129 27.114429 27.581768 27.634858 28.539017 29.427871
7.770000 25.490957 27.183592 27.685403 27.720959 28.633628 29.484988
7.780000 25.521113 27.203390 27.703707 27.744999 28.660425 29.508452
7.820000 25.635497 27.273866 27.786741 27.841152 28.791530 29.613044
7.870000 25.858890 27.369143 27.893742 27.969104 28.969730 29.867610
7.880000 25.903229 27.389847 27.919065 27.993474 28.994229 29.892181
7.935000 26.140938 27.473131 28.032925 28.127539 29.159741 29.991093
7.970000 26.254664 27.531179 28.102452 28.209918 29.251724 30.088737
7.980000 26.282636 27.548803 28.118443 28.233921 29.277135 30.130467
8.020000 26.404210 27.629765 28.212434 28.331131 29.366100 30.249386
8.070000 26.546823 27.698045 28.333594 28.453197 29.491849 30.358402
8.080000 26.585882 27.718442 28.353187 28.477883 29.517031 30.395096
8.135000 26.732517 27.814323 28.457980 28.614550 29.658699 30.618997
8.170000 26.790550 27.875294 28.517852 28.697312 29.755665 30.762818
8.180000 26.807267 27.895429 28.542148 28.721250 29.779566 30.790187
8.220000 26.874134 27.965237 28.627406 28.817608 29.935402 30.877618
8.270000 27.027563 28.041443 28.750478 28.936815 30.081078 30.987112
8.280000 27.048579 28.058696 28.783040 28.959957 30.114219 31.007049
8.370000 27.196122 28.196553 29.039626 29.166262 30.329210 31.335861
8.380000 27.212225 28.217743 29.083287 29.190415 30.360532 31.349052
8.420000 27.274485 28.278784 29.180041 29.286714 30.450232 31.412038
8.470000 27.372141 28.363386 29.341482 29.404359 30.593624 31.589997
8.480000 27.402507 28.380522 29.357867 29.427428 30.619109 31.613806
8.535000 27.465008 28.486306 29.527967 29.561611 30.756653 31.744510
8.570000 27.525974 28.552872 29.605212 29.646702 30.875440 31.821587
8.580000 27.557862 28.584214 29.627413 29.671585 30.910873 31.840315
8.620000 27.683710 28.670229 29.709246 29.770018 30.998379 31.904703
8.670000 27.849808 28.789283 29.886337 29.891375 31.113280 32.011142
8.680000 27.880918 28.812647 29.908091 29.915945 31.132758 32.029553
8.735000 27.973610 28.927971 30.034578 30.047663 31.249646 32.145243
8.770000 28.026363 29.014339 30.128104 30.130057 31.327053 32.192668
8.780000 28.048298 29.040903 30.158815 30.154076 31.347379 32.219672
8.820000 28.145841 29.126552 30.258038 30.255988 31.455677 32.305682
8.870000 28.205121 29.256631 30.383241 30.376178 31.631864 32.430269
8.880000 28.230161 29.276528 30.415176 30.400051 31.653696 32.467742
8.925000 28.367588 29.357202 30.530192 30.504843 31.762208 32.614269
8.940000 28.393687 29.391329 30.568241 30.542999 31.794448 32.659826
8.970000 28.483120 29.456810 30.654119 30.614714 31.864183 32.716702
9.020000 28.706308 29.586943 30.764865 30.732618 31.977574 32.882198
9.070000 28.828963 29.711769 30.880360 30.851317 32.087475 33.062012
9.170000 29.045908 29.946059 31.110563 31.093508 32.305739 33.348957
9.180000 29.064409 29.966498 31.134943 31.117366 32.322699 33.391731
9.220000 29.156246 30.057991 31.229740 31.213526 32.403575 33.506967
9.270000 29.265593 30.170222 31.346889 31.327324 32.524579 33.639464
9.280000 29.286553 30.190836 31.373017 31.352184 32.550377 33.673760
9.325000 29.499936 30.313417 31.457960 31.458171 32.632727 33.782491
9.370000 29.575023 30.443088 31.546903 31.561366 32.720206 33.869299
9.380000 29.591720 30.469687 31.570709 31.584558 32.738791 33.888986
9.425000 29.683572 30.567461 31.663238 31.686940 32.837001 33.958795
9.470000 29.842596 30.669121 31.785387 31.793305 32.929258 34.036531
9.480000 29.859273 30.689001 31.804345 31.817011 32.951198 34.057575
9.525000 29.976509 30.806633 31.894076 31.924636 33.036299 34.149051
9.565000 30.058656 30.900818 31.979542 32.017096 33.113021 34.240139
9.580000 30.110578 30.931977 32.018919 32.052648 33.144481 34.293363
9.625000 30.208499 31.020498 32.121860 32.152537 33.232271 34.407345
9.665000 30.307181 31.105879 32.203610 32.242736 33.315082 34.481627
9.680000 30.327930 31.136109 32.256474 32.277882 33.341343 34.523741
9.705000 30.392382 31.193470 32.317766 32.334869 33.383107 34.626688
9.725000 30.447375 31.258900 32.365983 32.379429 33.427398 34.672776
9.770000 30.549299 31.350549 32.474292 32.478676 33.515052 34.735857
9.780000 30.575705 31.381773 32.494055 32.501409 33.534846 34.753736
9.820000 30.634321 31.463939 32.595373 32.592425 33.633609 34.839231
9.870000 30.765195 31.572855 32.701612 32.703669 33.742131 34.916819
9.880000 30.778636 31.587637 32.741607 32.727241 33.761286 34.947078
9.925000 30.887698 31.691190 32.843654 32.825338 33.838762 35.034512
9.970000 31.029212 31.821959 32.947459 32.929770 33.940083 35.101397
9.980000 31.055421 31.840447 32.974122 32.953530 33.961198 35.117567
10.020000 31.122790 31.943036 33.079938 33.049262 34.074091 35.213833
10.055000 31.212181 32.029119 33.203741 33.134070 34.175428 35.356047
10.070000 31.260845 32.058239 33.237269 33.168953 34.214335 35.375959
10.080000 31.281351 32.099178 33.270507 33.192861 34.233331 35.393291
10.105000 31.361100 32.177782 33.339365 33.253435 34.295806 35.427980
10.125000 31.434036 32.222827 33.395338 33.302834 34.323743 35.489589
10.145000 31.475959 32.265634 33.440515 33.352723 34.374201 35.527853
10.170000 31.565216 32.326644 33.512931 33.415986 34.433127 35.608584
10.180000 31.585404 32.342286 33.535950 33.440256 34.452218 35.624658
10.205000 31.651686 32.413301 33.584269 33.501048 34.505750 35.664779
10.220000 31.696644 32.454358 33.614049 33.539064 34.551330 35.769557
10.270000 31.806039 32.574584 33.741193 33.666821 34.664327 35.903217
10.280000 31.822836 32.602936 33.761240 33.691581 34.680562 35.938521
10.305000 31.881525 32.666232 33.834497 33.755070 34.749626 36.036843
10.320000 31.927010 32.699524 33.867820 33.792688 34.782832 36.065047
10.370000 32.040665 32.835523 33.975084 33.933834 34.924235 36.154660
10.380000 32.053592 32.857070 34.000867 33.960237 34.959607 36.168887
10.425000 32.150316 33.016422 34.113181 34.096864 35.109966 36.274055
10.445000 32.183461 33.063316 34.162103 34.148218 35.158031 36.313897
10.465000 32.234266 33.122793 34.211183 34.200109 35.197400 36.359613
10.480000 32.264931 33.163617 34.250324 34.239554 35.263844 36.396374
10.505000 32.318208 33.260437 34.323980 34.310925 35.324155 36.502525
10.520000 32.343430 33.305994 34.370530 34.352159 35.372178 36.540852
10.555000 32.407621 33.371965 34.486027 34.463152 35.506686 36.633890
10.565000 32.424641 33.393256 34.511162 34.490527 35.526228 36.651592
10.580000 32.459110 33.421809 34.550655 34.531815 35.565860 36.682774
10.600000 32.546836 33.491515 34.622000 34.593558 35.623182 36.748803
10.620000 32.599571 33.534257 34.688469 34.654923 35.695293 36.790424
10.635000 32.623091 33.589633 34.737027 34.696103 35.763161 36.814838
10.640000 32.634484 33.603947 34.751130 34.709799 35.780842 36.835826
10.660000 32.703414 33.648884 34.818066 34.773261 35.840551 36.873260
10.680000 32.736363 33.722052 34.885026 34.837366 35.900556 36.958200
10.700000 32.762132 33.796236 34.957904 34.902032 35.964715 37.035448
10.720000 32.797853 33.856981 35.036883 34.968907 36.040241 37.099816
10.740000 32.841227 33.916255 35.087059 35.035474 36.111869 37.162954
10.760000 32.869032 33.968608 35.138419 35.099061 36.191449 37.233592
10.780000 32.892780 34.015792 35.186788 35.160763 36.242650 37.261988
10.800000 32.932348 34.061850 35.248700 35.228937 36.373269 37.362440
10.820000 32.985153 34.114736 35.315481 35.295974 36.487513 37.464058
10.835000 33.024523 34.149241 35.366661 35.340950 36.547204 37.516798
10.840000 33.037762 34.160087 35.379834 35.355157 36.556740 37.526534
10.860000 33.085756 34.229884 35.452093 35.422635 36.653808 37.573075
10.880000 33.129064 34.299592 35.504818 35.489744 36.723482 37.644558
10.900000 33.184039 34.393800 35.552319 35.559998 36.783597 37.774437
10.920000 33.253760 34.466836 35.601087 35.627299 36.856661 37.826079
10.940000 33.328215 34.517018 35.649166 35.690450 36.931973 37.862767
10.960000 33.366297 34.586056 35.741384 35.758035 36.996704 37.903602
10.980000 33.400265 34.684930 35.816644 35.823718 37.034094 37.965677
11.000000 33.455066 34.759339 35.906775 35.888012 37.108191 37.998203
11.020000 33.514708 34.810220 35.982130 35.954903 37.159953 38.065727
11.035000 33.557267 34.839998 36.020798 36.000075 37.218064 38.123644
11.040000 33.586601 34.865361 36.037174 36.014281 37.243954 38.132640
11.060000 33.653092 34.967737 36.136866 36.077262 37.310449 38.173435
11.080000 33.683977 35.038221 36.215361 36.144230 37.384022 38.209219
11.100000 33.742534 35.124376 36.294261 36.206923 37.444372 38.280113
11.120000 33.787036 35.184768 36.350040 36.273565 37.527606 38.339886
11.140000 33.823591 35.238973 36.420881 36.339288 37.608778 38.426647
11.160000 33.878839 35.294835 36.502231 36.405678 37.666271 38.507762
11.180000 33.934354 35.370855 36.584287 36.474390 37.723704 38.563637
11.200000 33.983520 35.432773 36.677370 36.545392 37.800580 38.698740
11.220000 34.036848 35.479559 36.745462 36.618556 37.851348 38.773029
11.235000 34.069860 35.523310 36.811716 36.670099 37.894394 38.803252
11.240000 34.075642 35.539483 36.828446 36.685354 37.922851 38.818385
11.260000 34.207625 35.598650 36.898480 36.750072 37.972211 38.847971
11.280000 34.283739 35.679903 36.954641 36.818342 38.044057 38.894750
11.300000 34.346497 35.760375 37.006251 36.884835 38.102796 38.926611
11.320000 34.445604 35.831829 37.067648 36.950851 38.164765 38.959607
11.340000 34.536486 35.929401 37.123987 37.020400 38.215563 38.994416
11.360000 34.658058 35.989854 37.189969 37.083298 38.258318 39.032247
11.380000 34.788082 36.042589 37.252356 37.147178 38.297566 39.064124
11.400000 34.886247 36.105522 37.305279 37.207776 38.357574 39.101910
11.420000 34.950085 36.170310 37.359685 37.269104 38.412704 39.132008
11.440000 35.016330 36.231997 37.440915 37.330710 38.450866 39.166079
11.500000 35.230459 36.467576 37.649755 37.547355 38.582310 39.242221
11.580000 35.811678 36.956331 37.949642 37.875738 38.794401 39.367952
11.660000 36.626449 37.385956 38.255767 38.206440 38.976021 39.513899
11.720000 37.052594 37.737169 38.437109 38.421336 39.123640 39.628003
11.740000 37.157277 37.800557 38.486593 38.479305 39.176842 39.685090
11.780000 37.372043 37.948718 38.606152 38.610701 39.279285 39.768053
11.800000 37.437994 38.017605 38.663106 38.671051 39.332368 39.813953
11.820000 37.537359 38.088260 38.721825 38.732326 39.377743 39.876344
11.840000 37.619114 38.156868 38.780270 38.794757 39.433283 39.923745
11.860000 37.685855 38.233782 38.830994 38.857775 39.484971 39.961126
11.880000 37.794918 38.324240 38.903569 38.928809 39.534460 39.996946
11.920000 38.134389 38.618778 39.102284 39.113965 39.634247 40.094915
11.940000 38.204878 38.685044 39.197421 39.186782 39.678659 40.159385
11.955000 38.234390 38.753327 39.276816 39.236471 39.723662 40.205177
11.960000 38.250490 38.775346 39.292839 39.251151 39.732355 40.219326
11.980000 38.340792 38.862184 39.371063 39.321366 39.780622 40.285383
12.000000 38.386254 38.923447 39.460561 39.395044 39.837992 40.353943
12.020000 38.445685 38.978115 39.525975 39.466328 39.899135 40.468777
12.045000 38.533643 39.063496 39.601040 39.562415 40.024872 40.619556
12.060000 38.563164 39.103532 39.645940 39.610858 40.090578 40.691821
12.080000 38.627097 39.157692 39.716403 39.681940 40.171433 40.807298
12.095000 38.667289 39.182472 39.766060 39.732021 40.221217 40.883973
12.125000 38.757740 39.240902 39.878226 39.855755 40.408193 41.099364
12.140000 38.790958 39.279197 39.916792 39.904643 40.469780 41.156432
12.155000 38.824486 39.312166 39.956395 39.953212 40.532885 41.284736
12.180000 38.888625 39.361415 40.019350 40.042085 40.664368 41.535318
12.200000 38.924884 39.402669 40.072185 40.107520 40.756959 41.655917
12.225000 38.969604 39.454825 40.149654 40.195241 40.858714 41.863922
12.240000 38.989318 39.494045 40.195300 40.243690 40.931617 42.021124
12.280000 39.055547 39.583755 40.289017 40.404714 41.203915 42.547755
12.285000 39.073452 39.598580 40.301905 40.418662 41.220416 42.576239
12.300000 39.106500 39.640244 40.346500 40.465835 41.280759 42.609708
12.315000 39.129395 39.665438 40.383792 40.511712 41.329768 42.639389
12.335000 39.180552 39.703259 40.429686 40.573378 41.400753 42.693353
12.340000 39.186157 39.718664 40.441308 40.587119 41.426719 42.708253
12.355000 39.221244 39.767956 40.501228 40.634236 41.486042 42.774646
12.360000 39.230007 39.777759 40.524370 40.647620 41.501498 42.782963
12.375000 39.260101 39.829622 40.558011 40.694108 41.577123 42.804101
12.380000 39.275240 39.840133 40.570609 40.708046 41.585650 42.813766
12.405000 39.314054 39.905656 40.642958 40.781911 41.653588 42.867232
12.445000 39.378598 40.029404 40.741542 40.907790 41.845660 42.996355
12.480000 39.441150 40.115126 40.840448 41.018635 42.060553 43.122476
12.515000 39.486315 40.192347 40.941719 41.130463 42.248238 43.325069
12.575000 39.563532 40.357365 41.130435 41.340782 42.609838 43.612961
12.580000 39.572468 40.365113 41.140551 41.354666 42.629788 43.627986
12.605000 39.616179 40.422297 41.212616 41.430760 42.707418 43.720242
12.635000 39.675136 40.477233 41.309034 41.519928 42.840947 43.894649
12.675000 39.737582 40.567725 41.416690 41.643677 42.942463 44.213139
12.680000 39.747400 40.576890 41.428717 41.657347 42.950983 44.222537
12.685000 39.754822 40.589115 41.446224 41.671268 42.971263 44.233757
12.745000 39.856022 40.704700 41.697012 41.869299 43.180063 44.634966
12.780000 39.923593 40.785872 41.821021 41.972111 43.278703 44.892836
12.830000 40.026709 40.855278 41.978394 42.129954 43.441988 45.285339
12.875000 40.129016 40.928584 42.144406 42.264670 43.567794 45.508927
12.880000 40.138674 40.939720 42.164476 42.278559 43.585973 45.558054
12.885000 40.156833 40.950824 42.188057 42.292185 43.610583 45.569094
12.915000 40.271364 41.026025 42.288571 42.378468 43.717180 45.655604
12.940000 40.316952 41.064549 42.386254 42.446635 43.776545 45.722821
12.980000 40.415059 41.149447 42.495724 42.560257 43.902569 46.001395
13.015000 40.475357 41.209225 42.629263 42.662587 44.015132 46.210708
13.075000 40.589995 41.327791 42.846252 42.856189 44.235460 46.454180
13.080000 40.599999 41.334733 42.858336 42.869614 44.244279 46.469682
13.085000 40.610474 41.346148 42.881338 42.882152 44.258665 46.488647
13.095000 40.630092 41.370633 42.906575 42.908297 44.285509 46.510984
13.135000 40.715540 41.440544 43.042015 43.024536 44.416039 46.669444
13.180000 40.827757 41.509889 43.207783 43.161996 44.545678 46.801116
13.185000 40.837774 41.516610 43.220362 43.174886 44.556290 46.810365
13.195000 40.877177 41.540028 43.249526 43.201532 44.583804 46.830066
13.215000 40.912813 41.579709 43.315099 43.253110 44.634234 46.859475
13.235000 40.949188 41.618060 43.370765 43.305788 44.688197 46.940618
13.280000 41.085141 41.699221 43.485803 43.430178 44.813965 47.070666
13.325000 41.196521 41.794490 43.623571 43.560292 44.967775 47.198382
13.380000 41.298976 41.915671 43.821890 43.728216 45.149616 47.466840
13.430000 41.391135 42.023488 43.993456 43.874271 45.313444 47.753782
13.480000 41.482768 42.104547 44.200402 44.022977 45.474033 47.928536
13.525000 41.577064 42.213568 44.319987 44.154151 45.676457 48.138056
13.535000 41.603424 42.241859 44.339284 44.182525 45.712754 48.165205
13.580000 41.680074 42.332181 44.475661 44.315159 45.920496 48.282834
13.680000 41.859781 42.603368 44.750045 44.650550 46.382428 48.701631
13.705000 41.905414 42.660740 44.796936 44.718523 46.476114 48.755897
13.740000 41.968091 42.747101 44.862975 44.818415 46.614751 48.992408
13.795000 42.060653 42.875557 45.107142 44.987704 46.792864 49.229284
13.815000 42.115822 42.917699 45.190853 45.043550 46.855289 49.283479
13.835000 42.178043 42.952064 45.256585 45.097934 46.924725 49.320360
13.880000 42.312220 43.056480 45.367334 45.230520 47.053822 49.459167
13.915000 42.368573 43.162966 45.494449 45.336125 47.140626 49.545308
13.980000 42.493922 43.323384 45.720480 45.563770 47.428748 49.744378
14.080000 42.683877 43.573163 46.087595 45.959664 48.009706 50.371033
14.105000 42.721721 43.625401 46.165364 46.036406 48.124001 50.480165
14.125000 42.753402 43.671491 46.219612 46.093801 48.189832 50.529582
14.155000 42.824565 43.755048 46.311200 46.182682 48.313781 50.580150
14.180000 42.881058 43.818611 46.361888 46.258132 48.417487 50.618091
14.185000 42.889221 43.837996 46.377616 46.271501 48.425619 50.626833
14.205000 42.914071 43.882814 46.429010 46.327797 48.493658 50.658705
14.215000 42.931106 43.904627 46.454956 46.356738 48.518899 50.669462
14.255000 43.012726 44.022242 46.564699 46.477383 48.640785 50.822484
14.280000 43.077932 44.085020 46.626637 46.550875 48.697813 50.886076
14.380000 43.257189 44.438240 46.974548 46.952838 49.121575 51.479534
14.440000 43.378731 44.607568 47.212478 47.152289 49.347433 51.671319
14.480000 43.480186 44.743531 47.371263 47.282813 49.499679 51.785184
14.505000 43.552768 44.824983 47.469584 47.358743 49.587804 51.832960
14.580000 43.679566 45.195621 47.748901 47.636257 49.882030 52.235443
14.605000 43.742067 45.299204 47.806926 47.711145 49.980628 52.275879
14.625000 43.817491 45.334511 47.887458 47.769405 50.028774 52.318566
14.680000 43.963561 45.563986 48.064487 47.941740 50.243471 52.706532
14.685000 43.978898 45.573323 48.083269 47.955329 50.254228 52.719726
14.705000 44.030796 45.640588 48.130571 48.013908 50.307953 52.765183
14.750000 44.100455 45.746445 48.316217 48.160011 50.439216 52.826472
14.780000 44.182312 45.840798 48.398734 48.249507 50.513895 52.874073
14.815000 44.252719 45.976559 48.474965 48.360544 50.612099 52.942753
14.850000 44.319380 46.103697 48.567320 48.470071 50.710767 53.059112
14.885000 44.394421 46.212568 48.673709 48.581003 50.826038 53.157597
14.950000 44.541002 46.486360 48.949019 48.829502 51.015907 53.378035
14.985000 44.625453 46.635354 49.133018 48.939118 51.099052 53.515611
15.050000 44.705753 46.946959 49.352226 49.189466 51.300475 53.776626
15.085000 44.763674 47.066148 49.455793 49.300806 51.378257 53.864402
15.125000 44.898281 47.188873 49.572471 49.421125 51.483226 53.928699
15.150000 44.990878 47.238819 49.645928 49.493868 51.522973 53.973311
15.180000 45.033342 47.299268 49.762925 49.583067 51.560711 54.121707
15.270000 45.205583 47.593201 50.106312 49.905939 51.798607 54.732088
15.280000 45.223047 47.605810 50.142466 49.933865 51.810603 54.758779
15.365000 45.458985 47.967371 50.456586 50.234951 52.064796 55.035914
15.380000 45.488571 48.015614 50.496634 50.277276 52.100852 55.101724
15.415000 45.557805 48.099873 50.592656 50.379663 52.186636 55.151903
15.425000 45.618268 48.126051 50.620601 50.406645 52.221679 55.170324
15.435000 45.655816 48.158860 50.649742 50.435319 52.256698 55.223134
15.480000 45.765066 48.285232 50.809581 50.588623 52.434838 55.441507
15.505000 45.818455 48.358254 50.882341 50.664933 52.555439 55.516495
15.545000 45.907026 48.496934 50.986114 50.797030 52.656796 55.644190
15.565000 45.966775 48.577748 51.044030 50.855579 52.738504 55.727605
15.580000 45.983574 48.615028 51.095255 50.897573 52.753470 55.802079
15.615000 46.052563 48.748758 51.211022 51.004267 52.844713 55.937665
15.645000 46.118383 48.855100 51.301874 51.094238 52.928717 56.022785
15.680000 46.238719 49.003382 51.415123 51.203916 53.039132 56.113140
15.715000 46.329529 49.151405 51.516646 51.316946 53.199872 56.213242
15.780000 46.439540 49.400755 51.721584 51.560772 53.430710 56.398146
15.805000 46.487242 49.472481 51.786480 51.633949 53.516011 56.520839
15.845000 46.586755 49.573001 51.913854 51.759666 53.648350 56.672012
15.865000 46.662616 49.642495 51.971879 51.815277 53.723180 56.733727
15.880000 46.692039 49.693181 52.023601 51.856746 53.788810 56.768248
15.885000 46.700674 49.710454 52.033320 51.869925 53.801392 56.795946
15.895000 46.718040 49.734870 52.061761 51.895899 53.823541 56.810440
15.925000 46.775983 49.909373 52.164400 51.986827 53.942878 56.869377
15.945000 46.804115 49.983622 52.218075 52.039765 54.016817 56.922912
15.980000 46.901891 50.088762 52.316756 52.146066 54.143542 56.972825
15.985000 46.916240 50.102907 52.328929 52.158712 54.158211 56.983106
15.995000 46.948541 50.124491 52.356645 52.185037 54.182771 57.011648
16.035000 47.008122 50.258740 52.457330 52.301083 54.301900 57.088630
16.045000 47.036476 50.274614 52.482574 52.326389 54.336238 57.107484
16.080000 47.101970 50.349951 52.564448 52.422282 54.518944 57.166749
16.105000 47.150651 50.431184 52.624596 52.490308 54.620129 57.201436
16.180000 47.256576 50.645183 52.782882 52.730113 54.994817 57.393063
16.195000 47.288797 50.674934 52.810596 52.768473 55.041202 57.427202
16.230000 47.349404 50.771672 52.881927 52.865557 55.153737 57.483352
16.280000 47.457079 50.966868 52.986768 53.014366 55.405066 57.588852
16.305000 47.497689 51.065879 53.034403 53.077164 55.468448 57.614857
16.330000 47.533933 51.133011 53.083995 53.140643 55.515854 57.657277
16.380000 47.634988 51.268519 53.200643 53.281179 55.681023 57.752138
16.415000 47.687822 51.391659 53.270367 53.374763 55.792875 57.854823
16.440000 47.727655 51.475049 53.305967 53.438325 55.907080 57.916390
16.480000 47.831719 51.613471 53.385393 53.547440 56.073806 57.959076
16.535000 47.943449 51.875418 53.478109 53.707997 56.326929 58.078360
16.580000 48.000890 51.953893 53.557262 53.835081 56.477794 58.155648
16.630000 48.113592 52.096526 53.635031 53.978851 56.761122 58.264362
16.680000 48.197488 52.272462 53.727631 54.123275 57.029223 58.346216
16.735000 48.361731 52.370989 53.827382 54.285627 57.272349 58.495620
16.780000 48.443282 52.488070 53.904411 54.414570 57.437744 58.639015
16.830000 48.543218 52.616928 53.998060 54.553071 57.601398 58.813776
16.880000 48.631486 52.756378 54.095777 54.686953 57.726091 59.009912
16.905000 48.694245 52.808839 54.155583 54.750556 57.804429 59.060097
16.965000 48.895792 52.981657 54.263515 54.905566 57.992849 59.198133
16.980000 48.936945 53.004163 54.298378 54.942846 58.020163 59.225271
17.080000 49.200047 53.207555 54.512424 55.216364 58.282665 59.408971
17.180000 49.361636 53.390710 54.694239 55.478963 58.539897 59.590740
17.280000 49.572004 53.572077 54.896003 55.735445 58.802594 59.858424
17.380000 49.795428 53.885685 55.124398 55.993455 59.069810 60.056729
17.435000 49.963986 54.019419 55.257865 56.136477 59.247933 60.212609
17.480000 50.179961 54.148508 55.351493 56.245286 59.364866 60.294946
17.535000 50.356856 54.291269 55.469912 56.378656 59.506686 60.424042
17.595000 50.679396 54.389712 55.603206 56.524786 59.626513 60.559982
17.645000 50.797458 54.554718 55.771986 56.650705 59.757076 60.670218
17.780000 51.050882 54.768546 56.071378 57.005480 60.296708 61.025219
17.805000 51.131750 54.816624 56.124558 57.066834 60.386618 61.075497
17.880000 51.322100 54.950508 56.339683 57.250836 60.591576 61.266607
17.905000 51.364543 54.992415 56.415751 57.311657 60.670015 61.315169
17.980000 51.595237 55.117613 56.572286 57.502704 60.852112 61.633790
18.045000 51.709250 55.228222 56.779304 57.665894 61.014292 61.792822
18.105000 51.834228 55.351299 56.906078 57.814076 61.144822 62.008131
18.130000 51.894436 55.397279 56.985938 57.875973 61.204273 62.051573
18.155000 51.966098 55.446810 57.060513 57.938537 61.286134 62.111243
18.180000 52.021009 55.517008 57.114247 58.003124 61.356697 62.168325
18.205000 52.106011 55.561010 57.180049 58.065083 61.412132 62.233248
18.280000 52.269560 55.697647 57.412051 58.254917 61.594223 62.432308
18.355000 52.414537 55.864668 57.629829 58.447824 61.777400 62.608759
18.415000 52.545652 55.967275 57.861951 58.607422 61.915485 62.908967
18.425000 52.580715 55.993947 57.885191 58.633900 61.941435 62.929537
18.440000 52.657787 56.036613 57.926189 58.674819 61.985909 62.984144
