depth(m) lower_95(kyr) lower_68(kyr) median(kyr) mean(kyr) upper_68(kyr) upper_95(kyr)
0.030000 1.182177 1.595181 1.948098 1.940470 2.311224 2.592402
0.055000 1.537762 1.862447 2.159896 2.168982 2.506669 2.754016
0.080000 1.839974 2.120193 2.398211 2.409843 2.707801 3.004793
0.105000 2.027857 2.355444 2.703092 2.742226 3.122049 3.694372
0.130000 2.198266 2.568652 3.039245 3.095845 3.652596 4.245847
0.155000 2.393319 2.813496 3.414317 3.447039 4.130763 4.682612
0.180000 2.625590 3.073764 3.778518 3.797794 4.523828 5.152152
0.230000 3.014900 3.730208 4.630873 4.712282 5.694394 6.906717
0.255000 3.258152 4.030397 4.974786 5.051987 6.102721 7.231191
0.280000 3.495216 4.280118 5.307584 5.363897 6.436881 7.524486
0.305000 3.737027 4.579560 5.628798 5.695722 6.851779 7.894434
0.330000 3.988603 4.902579 6.004050 6.050592 7.249591 8.268512
0.355000 4.277487 5.241931 6.364695 6.396740 7.572537 8.619685
0.380000 4.597152 5.559774 6.780438 6.758500 7.941534 8.969540
0.405000 4.937796 5.845095 7.181849 7.114281 8.286867 9.343602
0.430000 5.220405 6.215381 7.541438 7.473015 8.646959 9.625385
0.480000 6.113364 7.444781 8.650887 8.560775 9.649828 10.417452
0.505000 6.529315 7.793522 9.061159 8.907754 10.003195 10.736113
0.555000 7.519785 8.596492 10.015877 9.828537 10.915219 11.517472
0.580000 7.814377 8.862744 10.360532 10.145703 11.246586 11.786661
0.605000 8.108444 9.128058 10.679251 10.434979 11.528133 12.060711
0.630000 8.350996 9.372388 11.015324 10.717249 11.797910 12.331698
0.655000 8.589743 9.659145 11.310538 11.003326 12.086629 12.701948
0.680000 8.770788 9.926491 11.574671 11.264610 12.312921 12.883736
0.755000 9.653198 11.080325 12.187057 12.022427 12.847003 13.583354
0.780000 9.891753 11.361738 12.342896 12.216664 13.024266 13.738411
0.805000 10.065042 11.600629 12.515411 12.399317 13.184718 13.923247
0.830000 10.264580 11.881099 12.711409 12.600234 13.373952 14.095950
0.880000 10.865786 12.337629 13.105665 13.024409 13.787598 14.504087
0.955000 12.191505 13.303113 13.927046 13.872455 14.510318 15.027441
1.030000 13.901987 14.405163 14.859946 14.825332 15.266329 15.594972
1.080000 14.694045 15.073918 15.466236 15.441244 15.797145 16.078550
1.130000 15.263715 15.616673 15.944287 15.953276 16.267089 16.669917
1.180000 15.699095 16.059516 16.407065 16.432077 16.794904 17.350329
1.255000 16.171183 16.544116 17.003240 17.098733 17.659896 18.650911
1.330000 16.595790 16.979076 17.544145 17.723080 18.426591 19.756460
1.380000 16.872684 17.289804 17.899699 18.101852 18.887468 20.307110
1.430000 17.159359 17.629588 18.287715 18.489715 19.427335 20.696161
1.480000 17.389673 17.946180 18.708703 18.882226 19.878524 21.170905
1.530000 17.711509 18.280854 19.082583 19.261847 20.273186 21.754049
1.580000 18.004610 18.593940 19.453859 19.638018 20.661034 22.226479
1.630000 18.245269 18.959574 19.816424 20.013349 21.100390 22.530524
1.655000 18.381512 19.152378 20.000309 20.198458 21.304062 22.796409
1.680000 18.533649 19.327658 20.196396 20.386428 21.530019 23.034374
1.705000 18.677205 19.532056 20.385090 20.582499 21.776295 23.354944
1.730000 18.825383 19.757724 20.578211 20.788734 22.017955 23.658403
1.755000 19.071201 19.999206 20.794914 21.000383 22.204643 23.818152
1.805000 19.415717 20.460101 21.321679 21.481743 22.634632 24.418135
1.830000 19.596926 20.665961 21.559315 21.711187 22.845383 24.641994
1.880000 20.061982 21.109556 22.141725 22.271497 23.464044 25.220133
1.905000 20.317574 21.322737 22.447333 22.531582 23.719049 25.463821
1.955000 20.765296 21.807149 22.977490 23.071424 24.296959 25.889657
2.080000 22.489658 23.666489 25.128499 25.056303 26.359214 27.542136
2.130000 23.047863 24.203546 25.738612 25.624503 26.938576 28.106451
2.155000 23.263825 24.483678 25.965878 25.870715 27.182970 28.262664
2.180000 23.481544 24.786912 26.205198 26.127703 27.455674 28.509796
2.230000 24.019520 25.609060 26.789976 26.746983 27.947090 29.219641
2.255000 24.272030 25.858029 27.037747 26.997749 28.185902 29.463710
2.330000 25.933134 26.909636 27.944164 27.973849 28.974638 30.444778
2.355000 26.160971 27.117817 28.175190 28.201682 29.187163 30.659619
2.380000 26.394375 27.322603 28.384636 28.411352 29.408443 30.825892
2.405000 26.554192 27.539480 28.571187 28.615179 29.643669 30.965637
2.430000 26.804837 27.743569 28.784737 28.828579 29.860991 31.229748
2.505000 27.459365 28.455094 29.469620 29.543291 30.660652 31.882826
2.530000 27.613557 28.688868 29.682477 29.751060 30.897496 32.101618
2.580000 28.013195 29.128824 30.176285 30.204970 31.369583 32.507335
2.630000 28.373003 29.585112 30.639461 30.659137 31.800835 32.842096
2.680000 28.768186 30.047057 31.153134 31.117107 32.225609 33.223610
2.780000 29.784880 31.095598 32.269965 32.156201 33.250710 34.039972
2.855000 30.333176 31.876320 33.086080 32.932025 33.968263 34.732953
2.880000 30.485835 32.089977 33.306739 33.148540 34.212601 34.877038
2.905000 30.681218 32.284642 33.500478 33.345434 34.401519 35.031174
2.980000 31.627129 32.911559 34.101860 33.940595 34.911290 35.520103
3.005000 31.895151 33.101504 34.287291 34.125868 35.096568 35.687276
3.030000 32.113711 33.315042 34.486710 34.309426 35.260462 35.853283
3.105000 32.801109 33.897824 34.993920 34.828212 35.720735 36.207906
3.130000 33.027947 34.056123 35.151374 35.001411 35.878491 36.392588
3.155000 33.235120 34.253536 35.303408 35.158805 36.024793 36.545584
3.280000 34.324142 34.964377 35.970725 35.874535 36.663377 37.227376
3.305000 34.489952 35.108417 36.100545 36.016491 36.801089 37.374430
3.330000 34.640568 35.255873 36.246220 36.156655 36.914220 37.512869
3.380000 34.889532 35.500545 36.561236 36.420981 37.160322 37.749692
3.405000 35.007653 35.600868 36.703069 36.559278 37.301431 37.854472
3.430000 35.154548 35.747342 36.822573 36.684517 37.417993 37.972614
3.505000 35.471621 36.093738 37.168096 37.009532 37.694086 38.204590
3.580000 35.725845 36.443913 37.476611 37.313348 37.975330 38.488221
3.680000 36.107377 36.928017 37.853281 37.694480 38.317929 38.872741
3.730000 36.345004 37.203900 38.055850 37.915761 38.515025 39.055591
3.755000 36.481083 37.325216 38.170765 38.038378 38.647075 39.132719
3.780000 36.607168 37.451275 38.296739 38.166030 38.761352 39.273664
3.830000 36.825707 37.698473 38.527224 38.402455 38.979178 39.489545
3.880000 37.086391 37.942220 38.770565 38.650224 39.221592 39.826571
4.021667 37.641363 38.595611 39.385972 39.292700 39.944037 40.525790
4.163333 38.210926 39.221968 39.970146 39.901000 40.553126 41.211507
4.305000 38.947277 39.807033 40.600395 40.517825 41.176177 41.820896
4.410000 39.619118 40.370981 41.066837 41.024769 41.652042 42.255991
4.515000 40.416738 41.037383 41.602144 41.583220 42.137972 42.629917
4.620000 41.209413 41.695374 42.182888 42.172363 42.645337 43.040912
4.700000 41.587730 42.215844 42.733742 42.735201 43.263972 43.905876
4.780000 41.949204 42.691560 43.293360 43.319488 43.967719 44.769665
4.830000 42.155852 42.936173 43.657891 43.666919 44.343130 45.311173
4.880000 42.342230 43.227030 43.998257 44.011253 44.754404 45.713277
4.930000 42.655398 43.522693 44.361655 44.350784 45.135731 46.144090
