depth(m) lower_95(kyr) lower_68(kyr) median(kyr) mean(kyr) upper_68(kyr) upper_95(kyr)
0.010000 0.773424 1.110378 1.378006 1.359425 1.592697 1.841117
0.040000 0.870813 1.191475 1.449426 1.433532 1.666134 1.917771
0.060000 0.936182 1.246941 1.501555 1.487743 1.723511 1.980655
0.120000 1.144175 1.441746 1.757446 1.838988 2.343164 2.812128
0.160000 1.249634 1.553869 1.899924 2.016340 2.556782 3.218056
0.200000 1.305293 1.669500 2.048095 2.190886 2.802236 3.592348
0.240000 1.426280 1.803938 2.221472 2.385209 3.051273 4.005359
0.280000 1.552663 1.934725 2.403315 2.570274 3.329746 4.341855
0.320000 1.690149 2.069719 2.592731 2.764880 3.533443 4.771652
0.400000 2.038185 2.618631 3.594959 3.686423 4.674369 6.038697
0.480000 2.292626 3.382850 4.562645 4.624869 5.897913 7.290218
0.520000 2.396096 3.569434 4.790972 4.842629 6.152610 7.601320
0.560000 2.501833 3.743580 5.050940 5.072136 6.401202 7.873197
0.600000 2.638002 3.935016 5.346097 5.327906 6.643299 8.064768
0.640000 2.795139 4.168947 5.652906 5.601712 6.979655 8.260662
0.680000 2.897424 4.406444 5.967816 5.879205 7.222180 8.545746
0.720000 3.066738 4.569575 6.344033 6.157068 7.546766 8.698316
0.760000 3.202215 4.758056 6.675263 6.442741 7.870961 8.905560
0.800000 3.354581 4.946129 7.027637 6.731963 8.146887 9.198117
0.820000 3.404686 5.009388 7.124961 6.805258 8.211970 9.265085
0.840000 3.460327 5.077744 7.197717 6.877919 8.287265 9.328665
0.860000 3.565191 5.134619 7.271874 6.950723 8.364124 9.386549
0.940000 3.897639 5.937048 8.293356 7.876953 9.403665 10.167011
0.980000 4.056025 6.139026 8.506386 8.101630 9.714054 10.494692
1.000000 4.143691 6.192560 8.559784 8.169319 9.795629 10.574978
1.020000 4.196258 6.219608 8.622726 8.232253 9.850025 10.648826
1.040000 4.265814 6.281420 8.691852 8.291481 9.907830 10.725393
1.060000 4.316850 6.400418 8.743768 8.354344 9.953642 10.760201
1.100000 4.466774 6.741635 8.861370 8.527587 10.083994 10.827175
1.160000 4.682176 7.425133 9.150954 8.844367 10.322694 11.001564
1.180000 4.740047 7.499115 9.220276 8.905958 10.365114 11.060052
1.200000 4.809049 7.578634 9.282754 8.965747 10.420787 11.124397
1.220000 4.888565 7.638849 9.331487 9.023625 10.482955 11.176426
1.240000 5.002453 7.717456 9.386706 9.080859 10.515498 11.219837
1.260000 5.047089 7.817642 9.431189 9.141209 10.575546 11.268566
1.280000 5.108029 7.920540 9.502173 9.199937 10.630078 11.349676
1.320000 5.221325 8.184026 9.637939 9.370230 10.737236 11.494539
1.340000 5.316776 8.232966 9.708314 9.427941 10.786711 11.557619
1.360000 5.355407 8.335654 9.757793 9.480803 10.825429 11.581772
1.380000 5.408674 8.377787 9.799089 9.532741 10.866650 11.615372
1.400000 5.466244 8.450140 9.857030 9.582710 10.909408 11.641444
1.420000 5.524122 8.501130 9.912530 9.633549 10.956835 11.666554
1.560000 7.133075 8.961882 10.351367 10.115612 11.253683 11.914923
1.640000 7.385519 9.213854 10.556144 10.316514 11.403093 12.051091
1.720000 7.763231 9.449510 10.749298 10.518647 11.561648 12.197916
1.843333 8.316177 9.863720 11.027738 10.835463 11.737909 12.360151
1.966667 8.995218 10.300103 11.324880 11.151937 11.990415 12.579270
2.090000 9.582878 10.715531 11.586388 11.470014 12.231660 12.825129
2.213333 10.300362 11.138806 11.835884 11.784560 12.487421 13.013887
2.336667 10.803527 11.493301 12.089588 12.091589 12.737139 13.267261
2.460000 11.262841 11.874477 12.338755 12.400088 12.990886 13.572471
2.480000 11.293583 11.918470 12.381202 12.440812 13.039390 13.618930
2.500000 11.345638 11.967099 12.410914 12.480920 13.073887 13.657089
2.520000 11.393037 12.019873 12.457536 12.521509 13.103745 13.697733
2.540000 11.423153 12.063942 12.493417 12.561241 13.145206 13.751653
2.560000 11.449002 12.100760 12.538682 12.599049 13.181564 13.783375
2.580000 11.494825 12.136768 12.568333 12.635865 13.215191 13.815824
2.720000 11.835779 12.398982 12.788733 12.865995 13.425033 14.030663
2.760000 11.926920 12.482508 12.876453 12.942300 13.486363 14.121338
2.860000 12.214140 12.643303 13.091522 13.134644 13.681483 14.263608
2.960000 12.378749 12.799995 13.337976 13.337555 13.901811 14.444920
3.000000 12.462480 12.864634 13.406802 13.416176 13.991196 14.505514
3.020000 12.514984 12.890444 13.446232 13.454147 14.025868 14.538525
3.120000 12.658651 13.026480 13.663161 13.629860 14.204811 14.691723
3.220000 12.775793 13.180743 13.859057 13.802598 14.364672 14.919309
3.240000 12.803679 13.215892 13.888231 13.838620 14.404483 14.959689
3.280000 12.855166 13.282524 13.949345 13.899635 14.471375 14.997728
3.424737 13.052736 13.473548 14.095912 14.068920 14.625807 15.098153
3.569474 13.213822 13.655526 14.262972 14.231742 14.759308 15.249563
3.714211 13.430623 13.843267 14.404350 14.393524 14.889737 15.380025
3.858947 13.604503 14.029372 14.579692 14.553484 15.033436 15.483290
4.003684 13.780117 14.217128 14.730408 14.716271 15.178232 15.621623
4.148421 13.988571 14.407032 14.901108 14.874864 15.310608 15.740308
4.293158 14.183911 14.579908 15.055934 15.035219 15.461847 15.856014
4.437895 14.394014 14.782455 15.219044 15.198739 15.605933 15.937107
4.582632 14.578526 14.957482 15.393809 15.357500 15.734394 16.088733
4.727368 14.757661 15.131595 15.537752 15.518050 15.879416 16.193052
4.872105 14.978875 15.325781 15.692151 15.678495 16.013700 16.320499
5.016842 15.185517 15.514395 15.864829 15.839673 16.152352 16.453243
5.161579 15.384417 15.710100 16.028114 16.003347 16.288898 16.556312
5.306316 15.577738 15.900482 16.185226 16.167066 16.429812 16.700357
5.451053 15.795098 16.073082 16.337177 16.330971 16.583051 16.796323
5.595789 15.998887 16.271016 16.501349 16.493059 16.726688 16.941058
5.740526 16.213873 16.450625 16.655601 16.654508 16.857703 17.070211
5.885263 16.457037 16.639309 16.824172 16.822803 17.005918 17.179702
6.030000 16.711007 16.862456 17.017671 17.017546 17.178187 17.330779
