depth(m) lower_95(kyr) lower_68(kyr) median(kyr) mean(kyr) upper_68(kyr) upper_95(kyr)
0.020000 0.863466 1.091181 1.358204 1.356275 1.624683 1.862354
0.040000 0.924852 1.142968 1.400149 1.400765 1.666434 1.912146
0.060000 0.979224 1.178538 1.447634 1.447092 1.705818 1.959345
0.080000 1.019047 1.221013 1.502556 1.498121 1.761749 2.018375
0.100000 1.069704 1.260002 1.558385 1.551255 1.816900 2.106802
0.160000 1.213027 1.396127 1.767052 1.813836 2.190513 2.876545
0.200000 1.276426 1.471967 1.881557 1.952298 2.315396 3.394449
0.220000 1.308385 1.513718 1.936631 2.005202 2.372057 3.482287
0.240000 1.343356 1.550991 1.986807 2.057550 2.428170 3.585446
0.260000 1.371720 1.588768 2.040534 2.109921 2.486108 3.660422
0.280000 1.400798 1.624593 2.087450 2.161634 2.553259 3.752838
0.360000 1.521495 1.796734 2.372449 2.558321 3.212500 5.019097
0.400000 1.597642 1.873054 2.494603 2.694106 3.360080 5.341943
0.440000 1.657376 1.958656 2.613234 2.825041 3.533303 5.661911
0.460000 1.685866 2.011078 2.666683 2.879636 3.593515 5.732021
0.500000 1.755680 2.105463 2.797858 3.018255 3.815586 5.954302
0.580000 1.912618 2.310305 3.257540 3.485412 4.539092 6.680401
0.620000 1.975260 2.417673 3.390340 3.629803 4.824336 6.851201
0.680000 2.088562 2.569725 3.649190 3.912136 5.352599 7.304931
0.700000 2.142610 2.611191 3.717247 3.970263 5.452159 7.357876
0.720000 2.187141 2.662490 3.769909 4.029984 5.530280 7.439815
0.760000 2.300496 2.774093 3.895585 4.184201 5.716872 7.670999
0.780000 2.353368 2.833725 3.959021 4.247460 5.780832 7.774478
0.850000 2.528799 3.127705 4.341675 4.701746 6.438529 8.459421
0.870000 2.587028 3.191904 4.393403 4.763333 6.504331 8.552727
0.890000 2.652941 3.248659 4.443944 4.821261 6.537254 8.628041
0.960000 2.986128 3.681663 4.840141 5.167280 6.820532 8.845864
1.075000 4.146746 5.043803 6.084630 6.311112 7.857135 9.323210
1.190000 5.243540 6.245532 7.313011 7.405737 8.622739 9.892009
1.293333 6.114886 7.184133 8.283999 8.270434 9.352052 10.363319
1.396667 7.020664 8.163492 9.175872 9.127636 10.146654 10.943293
1.500000 7.905464 9.121334 10.030596 9.984130 10.894750 11.612104
1.640000 9.218626 10.799641 11.722673 11.596430 12.510018 13.251688
1.660000 9.276706 10.863930 11.776304 11.654532 12.577670 13.321884
1.680000 9.335693 10.913542 11.831136 11.707984 12.622951 13.373823
1.700000 9.391139 10.989196 11.875812 11.756667 12.665851 13.430831
1.720000 9.489758 11.045844 11.917673 11.806924 12.708091 13.490069
1.740000 9.526731 11.073770 11.967244 11.857337 12.753828 13.528899
1.840000 10.208647 11.567289 12.340665 12.298836 13.093553 14.137782
1.940000 10.640038 11.906629 12.622645 12.661194 13.516821 14.585170
1.960000 10.661969 11.961816 12.662179 12.705435 13.572693 14.632417
2.090000 10.972697 12.234207 12.890934 12.972056 13.872399 14.975261
2.220000 11.456931 12.457734 13.127647 13.233899 14.213616 15.261390
2.350000 11.852926 12.682947 13.351345 13.488627 14.492263 15.577818
2.480000 12.315583 12.896401 13.554787 13.729062 14.749716 15.808556
2.610000 12.572324 13.121178 13.770928 13.958332 14.946958 16.075741
2.740000 12.808100 13.363375 14.008070 14.188877 15.126234 16.305551
2.860000 13.012030 13.524149 14.227552 14.402718 15.298424 16.473378
2.880000 13.050857 13.577791 14.265372 14.440136 15.344512 16.523358
2.900000 13.101537 13.615712 14.301671 14.477630 15.375701 16.559539
2.920000 13.129395 13.652074 14.331571 14.513344 15.408644 16.601696
2.940000 13.158497 13.683971 14.368454 14.549341 15.431636 16.619134
2.960000 13.194257 13.726271 14.401340 14.584891 15.470268 16.638674
2.980000 13.240485 13.763638 14.436897 14.620181 15.492263 16.677447
3.000000 13.297516 13.803086 14.472570 14.654130 15.522333 16.714579
3.100000 13.467512 14.011530 14.633331 14.798158 15.636597 16.825411
3.160000 13.581634 14.128231 14.713183 14.887737 15.719982 16.931607
3.200000 13.656844 14.203495 14.776661 14.950521 15.783222 17.001058
3.335385 13.843924 14.411675 14.960732 15.151853 16.025383 17.183928
3.470769 14.012232 14.598870 15.159224 15.363253 16.270108 17.437205
3.606154 14.210868 14.802012 15.358263 15.578329 16.533900 17.687593
3.741538 14.403182 15.011063 15.577968 15.780707 16.695196 17.882725
3.876923 14.588464 15.205493 15.786794 15.982127 16.915464 18.077451
4.012308 14.773336 15.398513 15.980784 16.186522 17.168302 18.284148
4.147692 15.018690 15.590017 16.191103 16.396214 17.381695 18.547191
4.283077 15.233397 15.776350 16.372973 16.597902 17.545886 18.860783
4.418462 15.461603 15.955629 16.587904 16.808725 17.746072 19.105689
4.553846 15.622610 16.142287 16.774188 17.015023 17.995536 19.387386
4.689231 15.848309 16.323883 16.962691 17.219487 18.203436 19.637396
4.824615 16.045673 16.497818 17.206389 17.428259 18.434316 19.867695
4.960000 16.291942 16.689301 17.417249 17.637536 18.633764 20.109776
5.080000 16.437109 16.883915 17.610076 17.835900 18.825610 20.246405
5.200000 16.619354 17.061205 17.820942 18.037352 19.052975 20.407442
5.320000 16.814093 17.259981 18.068336 18.240551 19.258136 20.627771
5.440000 17.031204 17.452709 18.293344 18.457337 19.479936 20.762447
5.500000 17.113323 17.566948 18.415635 18.570650 19.607802 20.888949
5.626667 17.327718 17.805376 18.694378 18.812481 19.805613 21.078593
5.753333 17.507450 18.064258 18.959509 19.054966 19.995980 21.218665
5.880000 17.683125 18.338276 19.223445 19.307691 20.232162 21.382792
5.993333 17.871632 18.588550 19.465084 19.535764 20.447053 21.496870
6.106667 18.063850 18.853915 19.734870 19.768922 20.703202 21.635485
6.220000 18.297709 19.136735 20.003849 20.005145 20.925871 21.782710
6.330000 18.491551 19.407104 20.244857 20.236280 21.118449 21.885256
6.440000 18.732659 19.673104 20.488785 20.466360 21.311566 22.022620
6.550000 18.898543 19.950010 20.724340 20.700384 21.527467 22.169726
6.660000 19.096234 20.218532 20.965372 20.937340 21.752230 22.364488
6.670000 19.120271 20.239191 20.984492 20.958192 21.771378 22.382258
6.700000 19.207505 20.315031 21.048445 21.022219 21.823948 22.436540
6.720000 19.252668 20.365007 21.099595 21.064613 21.861451 22.473669
6.740000 19.304668 20.422515 21.147364 21.106232 21.908752 22.504712
6.760000 19.352386 20.467264 21.194636 21.147993 21.944706 22.537891
6.780000 19.399674 20.506461 21.243748 21.190185 21.980162 22.556068
6.800000 19.441863 20.572639 21.280280 21.234058 22.008602 22.578456
6.860000 19.594931 20.743132 21.448919 21.392634 22.101188 22.634507
6.900000 19.668753 20.867476 21.565668 21.488322 22.156255 22.668166
6.960000 19.862728 21.101619 21.747765 21.654836 22.263652 22.745311
6.980000 19.913521 21.150724 21.791290 21.700361 22.300594 22.770545
7.000000 19.962904 21.213996 21.834331 21.745914 22.329055 22.797822
7.080000 20.447337 21.504695 22.072918 21.965606 22.468604 22.858021
7.100000 20.483886 21.559724 22.127014 22.010781 22.498905 22.883483
7.120000 20.520243 21.614323 22.164563 22.056750 22.536518 22.917988
7.140000 20.581484 21.663576 22.212594 22.104790 22.577539 22.938476
7.200000 21.112620 21.905852 22.394373 22.310404 22.695762 22.992354
7.220000 21.236277 21.948489 22.446355 22.356299 22.731913 23.019571
7.240000 21.339658 22.005595 22.489588 22.401924 22.767636 23.042679
7.260000 21.410518 22.057125 22.528748 22.444237 22.805844 23.064642
7.280000 21.503243 22.102739 22.569705 22.489447 22.844006 23.091043
7.300000 21.603322 22.164497 22.617668 22.536353 22.888539 23.123710
7.320000 21.708000 22.218894 22.661926 22.583673 22.925775 23.141955
7.340000 21.762480 22.281057 22.710661 22.632325 22.966202 23.161724
7.360000 21.859527 22.334024 22.754029 22.681316 23.012391 23.187802
7.400000 22.074375 22.526211 22.856624 22.810284 23.099831 23.256985
7.420000 22.141760 22.573024 22.905083 22.858615 23.137110 23.286460
7.440000 22.218860 22.630622 22.953745 22.905605 23.170134 23.323098
7.460000 22.253628 22.670963 22.998838 22.948679 23.217199 23.357565
7.500000 22.393804 22.779997 23.094489 23.044454 23.293704 23.432675
7.520000 22.443022 22.824561 23.128889 23.087819 23.338916 23.484539
7.550000 22.510772 22.895209 23.191439 23.151887 23.401439 23.553140
