depth(m) lower_95(kyr) lower_68(kyr) median(kyr) mean(kyr) upper_68(kyr) upper_95(kyr)
0.030000 0.011189 0.053062 0.130362 0.142271 0.229082 0.326800
0.100000 0.154011 0.265016 0.423520 0.454815 0.617721 0.960015
0.150000 0.285920 0.428676 0.631231 0.675894 0.933638 1.315225
0.200000 0.436816 0.598045 0.843229 0.901287 1.216039 1.688241
0.300000 0.680369 0.905949 1.248722 1.339249 1.756238 2.468690
0.350000 0.841711 1.092906 1.476281 1.574289 2.004655 2.888311
0.400000 1.010178 1.295096 1.693257 1.810618 2.303144 3.188036
0.500000 1.337264 1.662464 2.151900 2.300579 2.972301 4.316346
0.550000 1.494012 1.858612 2.364250 2.537502 3.276141 4.687059
0.600000 1.740590 2.066711 2.604575 2.782593 3.520399 5.028956
0.650000 1.916694 2.297003 2.850776 3.033746 3.774958 5.299670
0.700000 2.120653 2.505247 3.102878 3.289099 4.061382 5.624638
0.800000 2.472469 2.930510 3.596659 3.805719 4.684597 6.239890
0.850000 2.706112 3.144168 3.868453 4.069963 5.033121 6.469327
0.900000 2.920063 3.370316 4.171848 4.341059 5.367243 6.731917
0.950000 3.103568 3.589061 4.458307 4.613373 5.674966 6.927876
1.000000 3.319923 3.836283 4.743945 4.884431 5.954725 7.159274
1.050000 3.526861 4.141023 5.036117 5.175577 6.295472 7.410146
1.100000 3.821792 4.426933 5.328332 5.460884 6.634458 7.666133
1.150000 4.115922 4.698692 5.645831 5.757600 6.916888 7.905818
1.200000 4.386775 4.989021 5.932418 6.064979 7.257276 8.195782
1.250000 4.628170 5.324535 6.264944 6.363729 7.545822 8.471370
1.300000 4.937001 5.661019 6.528421 6.658239 7.829328 8.674235
1.350000 5.227659 5.953832 6.802403 6.946217 8.110942 8.844214
1.400000 5.519114 6.277804 7.126226 7.236565 8.380426 9.110707
1.450000 5.807662 6.572144 7.402091 7.518771 8.626763 9.366525
1.500000 6.089690 6.889559 7.685482 7.808328 8.861925 9.597371
1.550000 6.434217 7.167106 8.010607 8.111808 9.157466 9.853332
1.600000 6.746815 7.491118 8.354523 8.420630 9.418085 10.053149
1.650000 7.086530 7.813497 8.659711 8.734809 9.719247 10.296884
1.700000 7.334241 8.120094 9.033043 9.040927 9.987754 10.555516
1.750000 7.774045 8.440423 9.332327 9.334865 10.259913 10.738464
1.800000 8.120577 8.740788 9.658378 9.624991 10.497650 10.936855
1.850000 8.351617 9.027404 9.929979 9.889180 10.746964 11.176381
1.950000 8.922866 9.599088 10.406864 10.361115 11.100367 11.533617
2.000000 9.227244 9.903254 10.655969 10.600847 11.310328 11.728857
2.050000 9.495241 10.160772 10.880622 10.826404 11.483596 11.879989
2.100000 9.794643 10.439100 11.086377 11.056567 11.681395 12.066964
2.150000 10.104961 10.744258 11.334582 11.305938 11.876849 12.261236
2.200000 10.526388 11.038843 11.611361 11.577444 12.089557 12.517005
2.250000 10.840261 11.382832 11.889048 11.864167 12.346853 12.734732
2.350000 11.667916 12.068259 12.465972 12.481467 12.908888 13.355558
2.400000 11.979062 12.346101 12.730066 12.754665 13.172372 13.593707
2.450000 12.301851 12.672654 13.067221 13.065999 13.466186 13.832877
2.500000 12.595808 12.991144 13.368166 13.362238 13.753137 14.052991
2.550000 12.846390 13.270643 13.660950 13.638629 14.031288 14.298346
2.600000 13.067180 13.550150 13.932900 13.897670 14.256748 14.497868
2.650000 13.296488 13.836271 14.180556 14.133083 14.463884 14.705199
2.700000 13.509264 14.070457 14.404622 14.353386 14.671276 14.930113
2.750000 13.723658 14.291434 14.614787 14.564424 14.848006 15.110984
2.800000 13.942625 14.555908 14.833265 14.794816 15.052153 15.333360
2.850000 14.332831 14.766461 15.014901 15.013216 15.278470 15.628978
2.900000 14.576450 14.969508 15.219736 15.246654 15.561794 16.018028
2.950000 14.938563 15.215342 15.491717 15.541939 15.895800 16.410690
3.000000 15.550412 15.908624 16.425182 16.455632 17.006151 17.532454
3.050000 15.969732 16.387425 16.910843 16.965552 17.517585 18.356049
3.100000 16.381127 16.856082 17.502592 17.595583 18.347024 19.329849
3.150000 16.709685 17.333464 18.066156 18.187885 19.145345 20.139366
3.200000 16.953162 17.782065 18.733023 18.771567 19.835351 20.675759
3.250000 17.154780 18.151563 19.235934 19.292387 20.504073 21.406855
3.300000 17.316575 18.520427 19.754604 19.765673 21.055845 21.842296
3.350000 17.539334 18.850757 20.272635 20.181044 21.495821 22.212718
3.400000 17.748667 19.217575 20.745349 20.571897 21.886350 22.582658
3.500000 18.026123 20.012755 22.221339 21.685046 22.844710 23.334822
3.550000 18.187487 20.300253 22.574822 22.014051 23.150461 23.611410
3.600000 18.396121 20.539276 22.917999 22.328048 23.436945 23.900182
3.650000 18.572010 20.797548 23.207316 22.618656 23.702360 24.136094
3.700000 18.944593 21.073908 23.465128 22.889893 23.948198 24.471330
3.750000 19.285628 21.308930 23.713901 23.150120 24.205472 24.735894
3.800000 19.546927 21.657288 23.960749 23.412928 24.508631 25.034723
3.850000 19.805489 22.023131 24.210666 23.685682 24.789366 25.327066
3.900000 20.031686 22.475916 24.433842 23.956571 25.070878 25.629201
3.950000 20.347041 22.771167 24.632210 24.216119 25.357591 25.821536
4.000000 20.663646 23.112686 24.884950 24.472726 25.615333 26.074160
4.050000 20.865723 23.492165 25.126588 24.730396 25.872733 26.308740
4.100000 21.194958 23.792030 25.313804 24.975207 26.096136 26.532674
4.150000 21.657539 24.192692 25.557325 25.217065 26.306248 26.742858
4.200000 22.047432 24.529214 25.794270 25.475327 26.533737 27.009027
4.250000 22.424689 24.891773 26.042078 25.744892 26.743411 27.283497
4.300000 22.872722 25.241592 26.304682 26.039196 26.999097 27.601100
4.400000 24.388564 26.212560 26.912552 26.832528 27.575280 28.346575
4.500000 26.241662 26.947501 27.603665 27.649868 28.417409 29.336838
4.600000 27.067687 27.714223 28.568987 28.556566 29.316237 30.479145
4.700000 27.701716 28.441238 29.334477 29.350690 30.220727 31.311708
4.800000 28.262693 29.177626 30.123127 30.139122 31.114026 32.173443
4.900000 28.902166 29.922457 30.943445 30.940645 31.976249 32.977981
5.000000 29.656350 30.657833 31.801934 31.761438 32.870078 33.864211
5.100000 30.294196 31.378113 32.804300 32.689453 33.934668 34.880112
5.200000 30.909660 32.331789 33.629457 33.483464 34.657297 35.415328
5.300000 31.699806 33.081773 34.320197 34.191853 35.334026 35.944965
5.400000 32.627034 33.813727 34.883250 34.793772 35.776641 36.411077
5.500000 33.516402 34.580062 35.445917 35.411489 36.301583 37.008251
5.600000 34.435107 35.353997 35.977992 36.006679 36.786985 37.471006
5.700000 35.084505 35.919405 36.529850 36.548151 37.244053 37.836353
5.800000 35.790544 36.505553 37.119783 37.095043 37.672872 38.271678
5.900000 36.494346 37.122214 37.634340 37.620962 38.151857 38.619121
6.000000 37.179884 37.702849 38.169530 38.162613 38.646227 39.102507
6.100000 37.776532 38.231550 38.719119 38.747289 39.266232 39.934165
6.200000 38.333862 38.778789 39.279895 39.336219 39.892778 40.652363
6.300000 38.824265 39.288432 39.785859 39.880999 40.543004 41.289606
6.400000 39.187293 39.828627 40.357377 40.435899 41.067642 41.820549
6.500000 39.670002 40.312104 40.900129 40.953724 41.589840 42.310586
6.600000 40.201180 40.849545 41.441707 41.463237 42.049901 42.883927
6.700000 40.764975 41.390382 41.893397 41.954332 42.532885 43.389312
6.800000 41.427636 41.857314 42.282470 42.403102 42.930089 44.030458
6.900000 41.750758 42.195462 42.599725 42.740234 43.293348 44.604734
7.000000 42.032359 42.476464 42.912798 43.063535 43.670970 45.213652
7.100000 42.311632 42.769555 43.211693 43.376875 43.936955 45.643278
7.200000 42.587731 43.057911 43.516706 43.701174 44.246854 46.259431
7.300000 42.946519 43.378768 43.822591 44.036868 44.545839 46.943020
7.400000 43.241845 43.709543 44.142265 44.366281 44.867635 47.374922
7.500000 43.509934 44.004621 44.463471 44.690239 45.241482 47.873217
7.600000 43.790938 44.295821 44.765152 45.007764 45.559993 48.263839
7.700000 44.065805 44.585697 45.095222 45.323997 45.855079 48.678650
7.800000 44.409105 44.865332 45.387234 45.640690 46.224663 49.077420
7.900000 44.686906 45.147271 45.690225 45.956778 46.547406 49.385228
8.000000 44.951261 45.448536 46.004041 46.272033 46.886507 49.665011
8.100000 45.179188 45.716594 46.331561 46.601890 47.319501 50.154979
8.200000 45.458363 45.986036 46.677161 46.952378 47.762090 50.524636
8.300000 45.714346 46.300699 47.097137 47.325351 48.189928 50.878974
8.400000 45.943807 46.603515 47.510273 47.705554 48.631454 51.317369
8.500000 46.194783 46.908028 47.884346 48.070413 49.040877 51.517315
8.600000 46.450159 47.185735 48.251994 48.433415 49.455362 51.970701
8.700000 46.793189 47.507410 48.648371 48.789652 49.844035 52.488958
8.800000 46.973221 47.837353 49.037449 49.143285 50.174683 53.223698
8.900000 47.299352 48.170692 49.422757 49.511481 50.523236 53.982226
9.000000 47.654276 48.468148 49.825386 49.881092 50.871735 54.594994
9.100000 47.882617 48.793573 50.224803 50.243547 51.301843 54.993699
9.200000 48.188171 49.091050 50.584867 50.605685 51.695726 55.431107
9.300000 48.531580 49.410354 50.934610 50.984790 52.121867 55.860796
9.400000 48.818384 49.723865 51.290324 51.375402 52.609944 56.198936
9.500000 49.154305 50.078009 51.649330 51.792282 53.133361 56.458345
9.550000 49.399472 50.282595 51.865620 52.006943 53.390176 56.708729
