depth(m) lower_95(kyr) lower_68(kyr) median(kyr) mean(kyr) upper_68(kyr) upper_95(kyr)
0.000000 0.068141 0.262731 0.538827 0.537813 0.792557 1.054558
0.040000 0.171019 0.370271 0.625967 0.625423 0.866816 1.134775
0.120000 0.375632 0.586635 0.798371 0.806271 1.033070 1.250124
0.200000 0.620714 0.790523 0.985531 0.992021 1.196362 1.403745
0.245000 0.743131 0.904076 1.093756 1.100412 1.297991 1.503034
0.322500 0.886601 1.080133 1.299415 1.323632 1.551071 1.860275
0.400000 1.013459 1.279846 1.535257 1.558597 1.834023 2.330894
0.500000 1.183706 1.520700 1.848009 1.880358 2.234753 2.856448
0.600000 1.408979 1.757738 2.169778 2.210540 2.661026 3.319106
0.733333 1.659284 2.095214 2.622870 2.663738 3.227667 3.932027
0.866667 1.894577 2.459542 3.096200 3.119217 3.712932 4.526545
1.000000 2.214672 2.829643 3.588284 3.597989 4.299855 5.337632
1.100000 2.475732 3.122308 3.910116 3.935490 4.684754 5.673201
1.200000 2.608964 3.457366 4.261506 4.265473 5.030990 6.049646
1.300000 2.834316 3.768702 4.602212 4.599397 5.381124 6.354007
1.400000 3.064175 4.100710 4.960801 4.927482 5.704223 6.730303
1.500000 3.384932 4.415424 5.265326 5.244282 6.012056 7.028562
1.600000 3.637201 4.761728 5.601714 5.566652 6.334333 7.353839
1.700000 3.966865 5.076920 5.952781 5.900002 6.667516 7.652704
1.800000 4.364096 5.404271 6.303972 6.236751 7.062787 7.938932
1.900000 4.732921 5.731189 6.626931 6.575322 7.407324 8.188808
2.000000 5.066741 6.132637 6.943149 6.900408 7.708160 8.528504
2.100000 5.445417 6.453024 7.232945 7.221184 8.038865 8.778524
2.200000 5.793106 6.833126 7.548465 7.552726 8.299005 9.022595
2.300000 6.307006 7.174487 7.900433 7.897008 8.639729 9.339563
2.400000 6.735833 7.565649 8.270168 8.250607 8.962175 9.651974
2.500000 7.212884 7.988265 8.630533 8.631877 9.308086 10.008916
2.600000 7.757932 8.430107 8.994041 9.002887 9.653648 10.276656
2.700000 8.090271 8.761662 9.355540 9.344964 9.949707 10.549891
2.800000 8.509305 9.108806 9.689520 9.677955 10.221224 10.867371
2.900000 8.773957 9.460033 10.034340 10.005037 10.519850 11.096810
3.000000 9.204559 9.837791 10.387691 10.351433 10.853087 11.319030
3.100000 9.605620 10.271751 10.777596 10.745856 11.228482 11.588692
3.200000 9.960339 10.679003 11.171594 11.116231 11.548411 11.931913
3.300000 10.480249 11.060364 11.518444 11.469979 11.872530 12.221942
3.400000 10.895230 11.401355 11.833790 11.791408 12.165952 12.494136
3.500000 11.298847 11.749256 12.138498 12.109596 12.457892 12.800566
3.600000 11.714749 12.125300 12.479902 12.467030 12.803809 13.161293
3.700000 12.153240 12.484939 12.823560 12.825016 13.150390 13.533162
3.800000 12.514492 12.824199 13.161767 13.160740 13.488008 13.870709
3.900000 12.831537 13.108698 13.420398 13.450888 13.798514 14.212623
4.000000 13.071383 13.363283 13.684675 13.707825 14.058036 14.494075
4.040000 13.144313 13.467605 13.785212 13.813529 14.181171 14.578516
4.080000 13.241932 13.570458 13.880377 13.911835 14.268894 14.672028
4.100000 13.312089 13.619265 13.930444 13.960564 14.316031 14.741105
4.120000 13.362773 13.672827 13.979410 14.011805 14.367244 14.779556
4.160000 13.456207 13.783061 14.091188 14.117949 14.475184 14.856534
4.200000 13.567478 13.888809 14.199136 14.224834 14.571619 14.922768
4.240000 13.706845 13.988375 14.313652 14.333002 14.679676 15.013482
4.280000 13.816981 14.099110 14.448364 14.446456 14.792557 15.119578
4.300000 13.880652 14.156084 14.502003 14.502321 14.845873 15.158479
4.320000 13.945670 14.206725 14.570111 14.560336 14.894561 15.199735
4.360000 14.068377 14.320611 14.703816 14.681362 14.997435 15.319080
4.400000 14.177617 14.427839 14.838153 14.798861 15.108181 15.430541
4.440000 14.306834 14.546421 14.975033 14.931882 15.249602 15.520684
4.480000 14.396261 14.671671 15.125424 15.060763 15.378341 15.616745
4.500000 14.466607 14.727916 15.179169 15.118552 15.436145 15.660018
4.520000 14.530272 14.785312 15.231818 15.173690 15.498066 15.704468
4.560000 14.630419 14.924870 15.350733 15.292118 15.598595 15.799278
4.600000 14.756608 15.055826 15.463047 15.408331 15.700893 15.928060
4.640000 14.841625 15.180060 15.577644 15.526784 15.817025 16.090269
4.680000 14.920935 15.334217 15.724927 15.668492 15.964373 16.301996
4.700000 14.959961 15.391769 15.779329 15.729891 16.029868 16.392638
4.720000 14.997295 15.454685 15.839356 15.789681 16.091854 16.447070
4.760000 15.117150 15.573852 15.964725 15.920597 16.221794 16.581935
4.800000 15.296060 15.685135 16.087298 16.045100 16.351368 16.709170
4.840000 15.396315 15.791531 16.188787 16.152447 16.467439 16.833901
4.880000 15.523931 15.877722 16.285424 16.255209 16.566898 16.966072
4.900000 15.551549 15.924887 16.341373 16.307710 16.618792 17.014746
4.920000 15.614378 15.977281 16.398559 16.362373 16.677424 17.073895
4.960000 15.694170 16.078273 16.515746 16.477046 16.790174 17.241897
5.000000 15.781952 16.194126 16.625335 16.593188 16.929172 17.377530
5.040000 15.877289 16.280896 16.738470 16.708496 17.056440 17.566944
5.080000 15.996223 16.378359 16.838335 16.823021 17.184488 17.771645
5.100000 16.054256 16.418048 16.893562 16.872493 17.236811 17.845056
5.120000 16.103375 16.469893 16.943715 16.921667 17.286188 17.898095
5.160000 16.198177 16.557855 17.049858 17.023589 17.388845 18.021417
5.200000 16.297272 16.659862 17.147585 17.127452 17.489603 18.154525
5.240000 16.380307 16.752811 17.253168 17.232858 17.601956 18.267880
5.280000 16.470163 16.858188 17.355157 17.338332 17.715096 18.387502
5.300000 16.528407 16.901805 17.400030 17.388249 17.762302 18.516710
5.320000 16.567684 16.954682 17.446421 17.438455 17.814788 18.564779
5.360000 16.658119 17.058026 17.553079 17.546715 17.929850 18.668754
5.400000 16.756361 17.161073 17.649470 17.657620 18.061494 18.852078
5.440000 16.855568 17.269156 17.750678 17.775460 18.219564 18.992587
5.480000 16.939328 17.382411 17.842146 17.885530 18.354459 19.139956
5.500000 16.986871 17.436281 17.880846 17.936825 18.409903 19.188432
5.520000 17.038268 17.488354 17.931498 17.987661 18.471887 19.219518
5.560000 17.124066 17.588593 18.020473 18.093680 18.626150 19.352616
5.600000 17.216704 17.689852 18.125026 18.195871 18.745184 19.454590
5.640000 17.286087 17.794937 18.209273 18.294373 18.875273 19.607067
5.680000 17.355701 17.877780 18.295921 18.389225 18.996876 19.705142
5.700000 17.387759 17.921846 18.344456 18.433876 19.042618 19.742700
5.720000 17.425117 17.954824 18.390069 18.479711 19.091426 19.787291
5.760000 17.487420 18.036844 18.489844 18.575065 19.216237 19.925419
5.800000 17.572266 18.114302 18.575273 18.669290 19.326536 20.080693
5.840000 17.680814 18.191263 18.657476 18.765249 19.465995 20.223647
5.880000 17.720345 18.273667 18.723433 18.857609 19.567489 20.345199
5.900000 17.754464 18.310190 18.766534 18.903797 19.626930 20.380427
5.920000 17.803712 18.355411 18.812857 18.949716 19.681667 20.434007
5.960000 17.908725 18.441010 18.885043 19.041834 19.780050 20.545267
6.000000 18.038311 18.511368 18.994995 19.134095 19.876445 20.672287
6.040000 18.171356 18.586935 19.071507 19.227431 19.982070 20.765888
6.080000 18.268716 18.674206 19.160695 19.317340 20.079235 20.834284
6.120000 18.348909 18.747995 19.252558 19.407094 20.182626 20.918890
6.160000 18.471011 18.810862 19.342928 19.497002 20.268034 21.011070
6.200000 18.545433 18.893551 19.424922 19.584750 20.362046 21.088881
6.240000 18.619236 18.975242 19.512898 19.674327 20.438240 21.189606
6.280000 18.690907 19.048640 19.614763 19.761974 20.531937 21.238562
6.320000 18.743682 19.112595 19.729861 19.850855 20.618892 21.299309
6.360000 18.814149 19.193108 19.826637 19.941065 20.715230 21.381052
6.400000 18.883089 19.276250 19.943333 20.032263 20.818244 21.468567
6.440000 18.943076 19.358802 20.061427 20.124402 20.906084 21.541893
6.480000 19.015825 19.440338 20.180555 20.220192 21.005947 21.651775
6.520000 19.074253 19.519385 20.282326 20.308491 21.097816 21.732958
6.560000 19.136869 19.623407 20.367467 20.400927 21.225305 21.804682
6.600000 19.178601 19.706577 20.460356 20.494156 21.330209 21.948712
6.640000 19.247956 19.799521 20.582573 20.588963 21.412850 22.054671
6.680000 19.320815 19.875569 20.681059 20.684078 21.488569 22.109423
6.720000 19.394017 19.964502 20.774643 20.778279 21.582827 22.190804
6.760000 19.479807 20.057863 20.865243 20.873189 21.665933 22.325189
6.810000 19.592462 20.178485 21.013430 20.993583 21.765689 22.405158
6.840000 19.661038 20.253129 21.095562 21.065592 21.836765 22.514034
6.880000 19.727561 20.348507 21.181889 21.159274 21.917568 22.586945
6.920000 19.786929 20.444015 21.287778 21.248259 22.001862 22.701620
6.960000 19.892600 20.530887 21.367934 21.337177 22.088248 22.803928
7.000000 19.974595 20.648468 21.455739 21.427097 22.165173 22.919315
7.040000 20.079198 20.744306 21.536657 21.518863 22.268713 22.998242
7.080000 20.195204 20.855550 21.614817 21.607539 22.343971 23.089535
7.120000 20.312788 20.968358 21.707581 21.698646 22.408993 23.146334
7.160000 20.426601 21.069597 21.800592 21.789794 22.491071 23.265160
7.200000 20.506056 21.161911 21.885854 21.880492 22.565086 23.354354
7.240000 20.596701 21.278987 21.979436 21.972524 22.632555 23.454009
7.280000 20.682479 21.379212 22.078921 22.063787 22.706875 23.545263
7.320000 20.781819 21.488467 22.176119 22.154588 22.787624 23.604118
7.360000 20.827881 21.616883 22.261809 22.247019 22.869569 23.714805
7.400000 20.943471 21.729488 22.369405 22.339927 22.946156 23.780584
7.440000 21.041487 21.826309 22.462001 22.432233 23.028074 23.841159
7.480000 21.150346 21.932133 22.541279 22.522496 23.096607 23.940310
7.520000 21.240355 22.035306 22.626041 22.614392 23.169106 24.011035
7.560000 21.307039 22.131581 22.705155 22.703797 23.259175 24.076493
7.600000 21.366489 22.222602 22.795404 22.795319 23.338283 24.156285
7.640000 21.517341 22.323778 22.879760 22.884204 23.431158 24.218596
7.680000 21.609540 22.405750 22.951022 22.971152 23.518132 24.295340
7.720000 21.694965 22.481510 23.027924 23.054311 23.600027 24.383556
7.760000 21.742841 22.562989 23.105569 23.137037 23.672460 24.459666
7.840000 22.008735 22.733083 23.247124 23.295790 23.836430 24.591129
7.880000 22.119007 22.812814 23.322235 23.379555 23.905682 24.669584
7.900000 22.161263 22.867252 23.365049 23.421867 23.940278 24.740174
7.920000 22.188246 22.909842 23.402263 23.464251 23.976712 24.790595
7.960000 22.308460 22.983165 23.486840 23.543568 24.066372 24.896976
8.040000 22.478104 23.126826 23.640644 23.690071 24.225825 24.993475
8.080000 22.533184 23.195465 23.725414 23.766793 24.308353 25.066430
8.100000 22.558561 23.237386 23.756010 23.807861 24.344086 25.100966
8.120000 22.592211 23.280160 23.793319 23.848955 24.374488 25.124037
8.160000 22.666047 23.341458 23.876937 23.924801 24.490053 25.188783
8.200000 22.712880 23.419298 23.948706 24.003222 24.593284 25.260659
8.240000 22.770440 23.506945 24.039915 24.081736 24.675076 25.354624
8.280000 22.855613 23.579549 24.110570 24.160581 24.770865 25.510916
8.320000 22.959840 23.668528 24.191036 24.239616 24.859830 25.598386
8.360000 23.026162 23.733875 24.255405 24.314828 24.947228 25.694791
8.440000 23.178722 23.868978 24.413091 24.462559 25.111593 25.820842
8.480000 23.249754 23.930179 24.503037 24.538951 25.196866 25.879527
8.520000 23.309094 24.002439 24.561262 24.615798 25.289946 25.992722
8.560000 23.404220 24.064321 24.635327 24.692537 25.376175 26.106006
8.600000 23.471271 24.129229 24.710525 24.765287 25.463626 26.181738
8.640000 23.533774 24.201041 24.783033 24.841530 25.541655 26.307040
8.680000 23.607734 24.274786 24.851421 24.918142 25.617178 26.415537
8.720000 23.657577 24.339498 24.939867 24.994528 25.691220 26.499832
8.760000 23.729504 24.404728 25.012249 25.071098 25.754539 26.582867
8.840000 23.862211 24.520660 25.133169 25.216601 25.904627 26.739020
8.880000 23.930568 24.585716 25.218861 25.293944 25.975452 26.868243
8.920000 24.040198 24.651681 25.306369 25.369460 26.052196 26.965092
8.960000 24.119180 24.714573 25.391822 25.445743 26.126238 27.032089
9.000000 24.175920 24.782590 25.478738 25.521656 26.207120 27.138801
9.040000 24.304117 24.852714 25.567025 25.598870 26.294462 27.184463
9.080000 24.401959 24.913436 25.643726 25.675867 26.363563 27.264696
9.120000 24.493022 24.988594 25.722321 25.751048 26.433833 27.335687
9.160000 24.542492 25.043909 25.811571 25.828305 26.514484 27.400884
9.240000 24.667608 25.164661 25.981660 25.980431 26.639655 27.678605
9.280000 24.759395 25.227260 26.067874 26.056383 26.714395 27.763758
9.320000 24.805178 25.288301 26.152486 26.135130 26.779132 27.846926
9.360000 24.874326 25.361306 26.224948 26.213016 26.871786 27.937974
9.400000 24.956638 25.438765 26.327066 26.292510 26.950944 28.030923
9.440000 25.020088 25.505676 26.409580 26.371851 27.021104 28.127909
9.480000 25.084213 25.577372 26.500837 26.449320 27.107268 28.197648
9.520000 25.166964 25.649404 26.580069 26.527827 27.179245 28.266389
9.560000 25.250348 25.720307 26.641822 26.609361 27.273569 28.413126
9.600000 25.322698 25.814547 26.730438 26.694697 27.362745 28.516849
9.640000 25.436272 25.876774 26.817286 26.779596 27.438060 28.605257
9.680000 25.510832 25.970597 26.890028 26.865847 27.553890 28.703236
9.720000 25.557299 26.061750 26.969986 26.956691 27.660018 28.817849
9.760000 25.637257 26.126869 27.049997 27.048552 27.766616 28.905116
9.800000 25.719194 26.214490 27.146124 27.139974 27.846227 29.011623
9.840000 25.835195 26.277951 27.238975 27.230441 27.945205 29.111559
9.960000 26.021774 26.581849 27.503785 27.518755 28.224649 29.573120
10.000000 26.082863 26.670375 27.597878 27.611467 28.320691 29.715459
10.040000 26.147271 26.771966 27.685154 27.706887 28.427606 29.816174
10.080000 26.227773 26.853230 27.786439 27.802518 28.536490 29.944244
10.120000 26.315281 26.958083 27.875001 27.898426 28.624316 30.031132
10.160000 26.395372 27.032698 27.995953 27.996537 28.737720 30.104129
10.200000 26.479204 27.151784 28.118942 28.096905 28.834897 30.202381
10.240000 26.541384 27.252298 28.251068 28.196134 28.930453 30.308059
10.280000 26.645047 27.344981 28.342725 28.296687 29.045903 30.413408
10.360000 26.783205 27.572151 28.569708 28.517496 29.252197 30.633873
10.400000 26.842846 27.660508 28.692437 28.619012 29.376896 30.717374
10.440000 26.927424 27.747582 28.805828 28.722990 29.497149 30.806348
10.480000 26.996012 27.846283 28.895361 28.824222 29.605804 30.879536
10.520000 27.066228 27.935559 28.985545 28.926244 29.745517 31.000037
10.560000 27.153114 28.030287 29.087407 29.030427 29.880939 31.135207
10.600000 27.240505 28.110436 29.191526 29.139909 29.998120 31.349413
10.640000 27.366456 28.191369 29.294250 29.245895 30.114245 31.502185
10.680000 27.435874 28.274417 29.410239 29.355165 30.239019 31.593557
10.720000 27.500371 28.352382 29.520736 29.467788 30.345990 31.776462
10.760000 27.570391 28.444881 29.625369 29.571750 30.469133 31.916934
10.800000 27.666367 28.510430 29.726365 29.674992 30.584209 32.073010
10.840000 27.774225 28.622285 29.836333 29.779379 30.704883 32.212786
10.880000 27.833945 28.718389 29.936235 29.886527 30.806392 32.309846
10.920000 27.915364 28.816631 30.032905 29.991274 30.939711 32.382681
10.960000 27.982767 28.910388 30.131379 30.096275 31.051530 32.511438
11.000000 28.080152 28.998920 30.211567 30.200125 31.154371 32.594403
11.040000 28.192254 29.120899 30.308346 30.304216 31.304175 32.703636
11.080000 28.321305 29.198206 30.395823 30.409793 31.417784 32.902172
11.120000 28.373927 29.310070 30.486442 30.514724 31.538695 33.057361
11.160000 28.504272 29.405215 30.590118 30.622575 31.670022 33.203113
11.200000 28.646673 29.506688 30.680442 30.728134 31.785694 33.338427
11.240000 28.833283 29.604257 30.780722 30.837458 31.882412 33.420781
11.280000 28.933899 29.726802 30.883615 30.944077 32.004151 33.508826
11.320000 29.022728 29.852900 30.983025 31.054328 32.088698 33.625406
11.360000 29.136893 29.998568 31.078864 31.161448 32.163828 33.731677
11.400000 29.241879 30.119986 31.185226 31.271773 32.282054 33.799352
11.440000 29.477881 30.229430 31.297176 31.385295 32.395003 33.854699
11.480000 29.603242 30.346794 31.403375 31.494127 32.517514 33.951561
11.520000 29.737747 30.448421 31.512348 31.603975 32.634130 34.014608
11.560000 29.819960 30.551995 31.623787 31.714850 32.764315 34.091011
11.600000 29.966585 30.687099 31.704003 31.824444 32.865379 34.176988
11.640000 30.102250 30.848954 31.811463 31.941523 33.049541 34.252129
11.680000 30.216351 30.981492 31.925913 32.061161 33.165509 34.364305
11.720000 30.342267 31.118117 32.030905 32.175901 33.287495 34.460661
11.760000 30.537161 31.267283 32.134044 32.291513 33.427357 34.595219
11.800000 30.655315 31.392558 32.247355 32.406330 33.551076 34.689324
11.840000 30.790171 31.518592 32.378848 32.524349 33.643702 34.772110
11.880000 30.887483 31.644973 32.492345 32.642813 33.769930 34.867749
11.920000 31.011693 31.775956 32.601805 32.757520 33.868698 34.952219
11.960000 31.158321 31.921967 32.729837 32.874675 33.987218 35.057022
12.000000 31.317958 32.041494 32.831322 32.999247 34.087286 35.168019
12.040000 31.463024 32.186392 32.961705 33.125574 34.189396 35.275488
12.080000 31.576930 32.322006 33.095343 33.257503 34.282862 35.415660
12.120000 31.752563 32.458821 33.212457 33.379199 34.397299 35.499459
12.160000 31.921574 32.588613 33.352598 33.512027 34.520109 35.593164
12.200000 32.095734 32.750257 33.479451 33.643035 34.650445 35.682655
12.240000 32.213138 32.895740 33.613419 33.772381 34.778800 35.785414
12.280000 32.384788 33.046518 33.717462 33.901526 34.862608 35.890683
12.320000 32.564813 33.202528 33.829623 34.032088 34.995005 36.020135
12.360000 32.737833 33.371266 33.960210 34.167698 35.153137 36.109853
12.400000 32.873460 33.527844 34.087175 34.303450 35.255919 36.213446
12.440000 33.019411 33.692830 34.227935 34.439893 35.346810 36.324341
12.480000 33.148327 33.834315 34.376708 34.578035 35.457554 36.435739
12.500000 33.215929 33.896966 34.437200 34.638899 35.501246 36.485097
12.520000 33.269276 33.963206 34.515654 34.703618 35.546500 36.536546
12.560000 33.462068 34.142480 34.709545 34.862614 35.642104 36.616007
12.600000 33.652900 34.302002 34.912755 35.031428 35.786323 36.721462
12.640000 33.801240 34.464993 35.102523 35.204636 35.955488 36.853795
12.680000 33.910632 34.610055 35.291533 35.358373 36.124450 36.964582
12.700000 33.989521 34.677214 35.370639 35.426012 36.203115 37.043046
12.720000 34.063165 34.756440 35.454473 35.492128 36.254973 37.093870
12.760000 34.193866 34.900296 35.612606 35.632006 36.412491 37.207839
12.800000 34.325353 35.025114 35.749027 35.775663 36.569103 37.353316
12.840000 34.516774 35.164271 35.878609 35.910543 36.678737 37.504256
12.880000 34.634098 35.287825 36.006857 36.042386 36.800682 37.654697
12.920000 34.763431 35.435190 36.150265 36.179951 36.911033 37.782179
12.960000 34.864764 35.569553 36.300547 36.313609 36.991552 37.936290
13.000000 34.956735 35.722473 36.431977 36.450651 37.105285 38.116120
13.040000 35.074068 35.861873 36.580332 36.592112 37.238711 38.192085
13.080000 35.269736 36.020772 36.710710 36.735760 37.394833 38.309417
13.120000 35.444674 36.162152 36.858846 36.872809 37.520000 38.421818
13.160000 35.655930 36.324551 36.979872 37.011860 37.667703 38.528009
13.200000 35.804084 36.461547 37.121811 37.150915 37.775286 38.655444
13.240000 35.950664 36.613715 37.262199 37.290726 37.912402 38.794770
13.280000 36.105102 36.781342 37.401886 37.435960 38.043990 38.885936
13.320000 36.240372 36.953789 37.526085 37.570559 38.162691 38.983460
13.360000 36.417082 37.105071 37.663673 37.708738 38.307545 39.107246
13.400000 36.623191 37.258424 37.786063 37.842985 38.444298 39.238131
13.440000 36.761096 37.401938 37.924531 37.983339 38.586014 39.362122
13.480000 36.910497 37.530845 38.058100 38.123515 38.725146 39.502411
13.520000 37.054671 37.694464 38.198012 38.269656 38.860094 39.655598
13.560000 37.186398 37.843584 38.350340 38.424715 39.005364 39.862104
13.600000 37.306369 37.987536 38.514604 38.584585 39.178608 40.103236
13.640000 37.447229 38.145118 38.677528 38.749203 39.332598 40.459375
13.680000 37.611389 38.334761 38.859635 38.924714 39.514004 40.614010
13.720000 37.744061 38.478300 39.039758 39.101616 39.688912 40.805543
13.760000 37.939424 38.663983 39.237944 39.283735 39.877606 41.041656
13.800000 38.117552 38.805169 39.424237 39.453858 40.029756 41.293433
13.840000 38.284840 38.960734 39.591050 39.620868 40.202178 41.413355
13.880000 38.470641 39.074157 39.743617 39.783576 40.391217 41.672744
13.920000 38.616405 39.190647 39.900859 39.941891 40.559995 41.843984
13.960000 38.761442 39.324674 40.054693 40.098049 40.728498 42.002524
14.000000 38.890411 39.449585 40.205600 40.248340 40.900191 42.172251
14.040000 38.981875 39.559533 40.334187 40.394958 41.083656 42.441092
14.080000 39.099886 39.681402 40.514030 40.543898 41.257860 42.574636
14.120000 39.231707 39.808914 40.650601 40.692479 41.435884 42.745476
14.160000 39.354527 39.951186 40.795969 40.843825 41.550449 42.961442
14.200000 39.488747 40.093834 40.941633 40.998795 41.725642 43.148252
14.240000 39.567020 40.253244 41.092055 41.150921 41.877461 43.375558
14.280000 39.695949 40.390926 41.259046 41.305290 42.051235 43.611726
14.320000 39.789916 40.536126 41.415362 41.461767 42.213754 43.758389
14.360000 39.872155 40.725809 41.584449 41.629511 42.453775 43.991332
14.400000 39.982215 40.878863 41.757149 41.792374 42.629596 44.164473
14.440000 40.094086 41.026032 41.898783 41.955101 42.813968 44.307197
14.480000 40.275614 41.167003 42.047684 42.121659 43.021589 44.565729
14.520000 40.371429 41.368322 42.191645 42.281917 43.159239 44.730438
14.560000 40.567424 41.512111 42.347665 42.452004 43.327269 44.878034
14.600000 40.708369 41.682901 42.508775 42.622095 43.585387 45.068722
14.640000 40.831051 41.842364 42.681131 42.800461 43.783620 45.245991
14.680000 41.022370 42.030795 42.857023 42.990716 43.986136 45.447758
14.720000 41.145070 42.221247 43.071634 43.178925 44.188350 45.694910
14.760000 41.359423 42.425684 43.275946 43.372050 44.388615 45.874574
14.800000 41.495449 42.616178 43.516518 43.571257 44.558012 45.983471
14.840000 41.593832 42.826363 43.724317 43.778793 44.754473 46.169987
14.880000 41.707296 43.043431 43.948627 43.976980 44.951448 46.360332
14.920000 41.922462 43.232410 44.155553 44.170624 45.119601 46.506741
14.960000 42.111642 43.419152 44.375083 44.362564 45.292804 46.637211
15.000000 42.252516 43.594771 44.595415 44.560712 45.447453 46.794092
15.040000 42.472260 43.808401 44.799007 44.756720 45.619181 46.896334
15.080000 42.700154 44.056573 45.011762 44.957781 45.810244 47.013843
15.120000 42.834532 44.273397 45.203218 45.155297 45.996887 47.096466
15.160000 43.047236 44.528355 45.444294 45.357949 46.203367 47.223909
15.200000 43.262689 44.765997 45.633037 45.556269 46.358453 47.389096
15.240000 43.474349 44.980446 45.848564 45.763994 46.564721 47.589916
15.280000 43.743166 45.220469 46.065427 45.972996 46.740937 47.729881
15.320000 44.117258 45.409857 46.244394 46.173657 46.915056 47.859487
15.360000 44.311506 45.642088 46.468756 46.381882 47.100185 47.998785
15.400000 44.643130 45.888293 46.675822 46.588617 47.293221 48.158540
15.440000 44.853807 46.145380 46.871318 46.796985 47.465740 48.275672
15.480000 45.061757 46.363486 47.071979 47.003631 47.615066 48.370587
15.520000 45.364093 46.602476 47.288514 47.209065 47.811168 48.499835
15.560000 45.864194 46.834554 47.460727 47.403106 47.969349 48.633614
15.600000 46.126890 47.051980 47.643854 47.579810 48.115084 48.754325
15.640000 46.359220 47.244604 47.806055 47.757239 48.304538 48.921918
15.680000 46.678096 47.424900 47.965741 47.928057 48.461193 49.063747
15.720000 46.797380 47.583804 48.120390 48.092471 48.601338 49.223871
15.760000 46.970457 47.776089 48.283972 48.262548 48.758866 49.384388
15.800000 47.286924 47.945068 48.460969 48.443571 48.926269 49.556335
15.840000 47.496402 48.129698 48.638659 48.620313 49.097157 49.659670
15.880000 47.719864 48.315180 48.812908 48.803379 49.265528 49.801511
15.920000 47.918217 48.524326 49.003204 48.995576 49.453195 49.934463
15.960000 48.104448 48.741868 49.198091 49.184534 49.651829 50.121303
15.980000 48.203360 48.815261 49.287812 49.267633 49.736960 50.187890
16.000000 48.296835 48.895075 49.365929 49.350397 49.820926 50.281815
16.040000 48.526067 49.082066 49.567411 49.559533 50.053058 50.534427
16.080000 48.720090 49.262205 49.770233 49.764112 50.269952 50.739993
16.120000 48.829463 49.452329 49.966449 49.960484 50.482405 50.991957
16.160000 49.001721 49.614858 50.177385 50.158405 50.707298 51.215995
16.200000 49.178967 49.782480 50.387847 50.352136 50.901989 51.429401
16.240000 49.329293 49.950079 50.601190 50.549570 51.107938 51.639698
16.280000 49.459892 50.130005 50.794420 50.751255 51.340562 51.854525
16.320000 49.583779 50.306592 51.007565 50.956306 51.546306 52.165014
16.360000 49.754718 50.473632 51.224236 51.162710 51.764574 52.371149
16.400000 49.859300 50.685698 51.460416 51.378666 51.994654 52.568764
16.440000 49.999232 50.867900 51.698588 51.594521 52.247023 52.839669
16.480000 50.137408 51.049624 51.901136 51.813390 52.497528 53.106804
16.520000 50.229106 51.269788 52.098153 52.029453 52.741641 53.415450
16.560000 50.384907 51.463545 52.301983 52.243160 53.001003 53.626020
16.600000 50.570943 51.665462 52.508718 52.454945 53.215799 53.858948
16.640000 50.739896 51.880936 52.706584 52.658693 53.388605 54.135391
16.720000 51.149000 52.351450 53.197759 53.173790 53.986951 54.854143
16.760000 51.325439 52.561778 53.410511 53.372365 54.206749 55.162111
16.800000 51.483940 52.789765 53.631400 53.573332 54.433741 55.365596
16.840000 51.670328 52.921637 53.833109 53.771104 54.690908 55.649426
16.880000 51.867855 53.099371 53.990756 53.977692 54.912029 55.818692
16.920000 52.072442 53.293586 54.206199 54.173513 55.095191 56.179145
16.960000 52.183684 53.504464 54.393494 54.370191 55.285400 56.310208
17.000000 52.313294 53.697648 54.574715 54.565640 55.484830 56.661005
17.040000 52.507666 53.909760 54.773789 54.770945 55.666976 56.868660
17.080000 52.646627 54.103876 54.983422 54.980874 55.876474 57.098166
17.120000 52.865464 54.341385 55.217638 55.199836 56.072207 57.358106
17.160000 53.091621 54.573329 55.422075 55.407759 56.284759 57.553762
17.200000 53.485801 54.799841 55.639773 55.621041 56.475116 57.758068
17.240000 53.713775 55.049263 55.897612 55.847183 56.661405 58.029551
17.270000 53.785246 55.232271 56.052513 55.999460 56.797871 58.179365
17.300000 53.906194 55.389934 56.198875 56.153448 56.939078 58.286794
17.330000 54.071285 55.532225 56.350410 56.303190 57.075957 58.366295
17.360000 54.251190 55.700499 56.488515 56.455270 57.216518 58.464147
17.400000 54.496314 55.918641 56.722813 56.679817 57.424293 58.699734
17.440000 54.691111 56.122899 56.971185 56.904009 57.634009 59.005883
17.470000 54.803758 56.303665 57.129982 57.067644 57.815199 59.155996
17.500000 54.986611 56.498328 57.299792 57.227920 57.962724 59.271980
17.530000 55.058651 56.664277 57.458040 57.388898 58.100139 59.455026
17.570000 55.383359 56.975985 57.681538 57.649862 58.334297 59.743522
17.600000 55.564687 57.130067 57.844057 57.814914 58.496475 59.967852
17.640000 55.915679 57.385041 58.096334 58.061212 58.716543 60.134362
17.680000 56.433574 57.621856 58.365629 58.306318 58.975543 60.290349
17.720000 56.731962 57.899831 58.594916 58.546969 59.206142 60.386200
17.760000 57.121692 58.147844 58.859998 58.786081 59.411543 60.589056
17.800000 57.317191 58.344046 59.103213 59.030049 59.686066 60.736022
17.830000 57.440154 58.505402 59.261492 59.199312 59.896029 60.871924
17.860000 57.654304 58.679752 59.440227 59.369517 60.078254 61.053104
17.900000 57.935694 58.917713 59.688096 59.622827 60.357973 61.349264
17.930000 58.063168 59.087499 59.838422 59.794288 60.542096 61.497710
17.970000 58.282659 59.367892 60.095123 60.050470 60.819222 61.708316
18.000000 58.383165 59.523007 60.272488 60.226653 61.010335 61.910403
18.030000 58.526117 59.697402 60.454089 60.411045 61.190485 62.066634
18.060000 58.697730 59.892358 60.633540 60.593797 61.357966 62.283713
18.100000 59.025742 60.164431 60.864746 60.852437 61.592588 62.604201
18.130000 59.303634 60.325584 61.038620 61.034346 61.788415 62.779036
18.170000 59.537698 60.594886 61.297381 61.295537 62.025143 63.043776
18.200000 59.793590 60.774497 61.472154 61.469036 62.200591 63.170876
18.230000 59.941269 60.956074 61.639016 61.648637 62.366416 63.348436
18.270000 60.211178 61.191033 61.865769 61.879085 62.593573 63.685116
18.300000 60.407226 61.336214 62.048811 62.052307 62.762564 63.878860
18.330000 60.688092 61.513680 62.227335 62.231759 62.929242 64.040551
18.370000 60.917301 61.773137 62.469072 62.491140 63.230104 64.297366
18.400000 61.136886 61.942217 62.648094 62.671472 63.408350 64.507505
18.440000 61.530883 62.276412 62.951389 62.979276 63.700468 64.792241
18.480000 61.881746 62.539604 63.218352 63.247601 63.940078 65.030348
18.520000 62.057843 62.771201 63.448649 63.494995 64.195542 65.358298
18.560000 62.254983 62.993948 63.675956 63.728150 64.465563 65.550694
18.600000 62.468489 63.227662 63.931809 63.958997 64.713689 65.699376
18.640000 62.660290 63.418623 64.142990 64.184128 64.973433 65.894739
18.680000 62.903438 63.611359 64.378802 64.403057 65.195345 66.094724
18.720000 63.094702 63.782351 64.605923 64.623257 65.463081 66.344256
18.760000 63.235959 63.984892 64.819065 64.840010 65.697280 66.497719
18.800000 63.413722 64.229481 65.034128 65.066794 65.923842 66.713967
18.840000 63.589946 64.434355 65.282643 65.286997 66.160798 66.943901
18.880000 63.810413 64.632390 65.518066 65.507127 66.385043 67.143913
18.920000 64.017164 64.872953 65.757808 65.743249 66.574731 67.389627
18.960000 64.272276 65.094763 65.990892 65.981191 66.792007 67.611260
19.000000 64.462496 65.352966 66.233790 66.210863 67.033945 67.815545
19.030000 64.635007 65.529535 66.418303 66.378784 67.188745 68.002683
19.080000 64.977292 65.833752 66.713942 66.677255 67.460546 68.249016
19.120000 65.205199 66.116772 66.939360 66.907826 67.666279 68.474781
19.160000 65.438091 66.375952 67.164920 67.135035 67.852489 68.785266
19.200000 65.714684 66.616996 67.362851 67.354516 68.072366 68.957056
19.240000 65.954563 66.864400 67.588917 67.583470 68.281146 69.202418
19.280000 66.251875 67.132087 67.790050 67.814958 68.513661 69.493957
19.320000 66.563805 67.384163 68.000645 68.060000 68.753836 69.778411
19.360000 66.878070 67.659436 68.253380 68.337317 69.030131 70.176613
19.400000 67.104211 67.898213 68.535245 68.631677 69.358711 70.752110
19.430000 67.322476 68.070109 68.732015 68.838743 69.576785 70.984990
19.480000 67.836022 68.388894 69.114643 69.261560 70.038910 72.009219
19.500000 67.911288 68.513844 69.237637 69.392424 70.179766 72.156040
19.530000 68.141208 68.725407 69.433327 69.601921 70.394515 72.325700
19.570000 68.386845 68.983614 69.717212 69.890440 70.735937 72.653616
19.600000 68.567309 69.172624 69.936834 70.106424 70.984908 72.871440
19.640000 68.849835 69.445204 70.225860 70.410031 71.327023 73.121235
19.670000 69.042754 69.634267 70.405530 70.611594 71.570262 73.303426
19.700000 69.241334 69.825811 70.587216 70.811185 71.784366 73.487117
19.730000 69.369675 70.002609 70.793952 71.012359 72.052685 73.701576
19.770000 69.536801 70.263925 71.051888 71.297497 72.415225 73.930521
19.800000 69.789822 70.462974 71.266780 71.501808 72.653094 74.140940
19.830000 69.919691 70.656650 71.457547 71.693517 72.839667 74.332440
19.870000 70.186387 70.954415 71.723481 71.969293 73.194822 74.704357
19.930000 70.516075 71.367009 72.152511 72.427432 73.654578 75.772632
19.970000 70.741011 71.633198 72.428164 72.706030 73.871029 76.327437
20.000000 70.861162 71.814690 72.611366 72.895231 74.058286 76.598006
20.030000 71.014463 72.027352 72.803974 73.085346 74.252574 76.826183
20.070000 71.183511 72.295129 73.096240 73.361153 74.452265 77.091929
20.110000 71.332562 72.577384 73.351028 73.644206 74.703884 77.375643
20.140000 71.545509 72.765777 73.591851 73.861089 74.862145 77.583001
20.170000 71.732297 73.013249 73.837574 74.091689 75.087433 77.867755
20.200000 71.891118 73.256224 74.125324 74.327669 75.296812 78.068847
20.230000 72.027323 73.499876 74.449504 74.589319 75.530415 78.217774
20.270000 72.251010 73.943222 74.960961 75.031989 75.898269 78.459196
20.300000 72.434933 74.125447 75.260574 75.265467 76.178766 78.640125
20.330000 72.575729 74.314848 75.504810 75.484804 76.456487 78.872228
20.370000 72.818206 74.627004 75.822055 75.797353 76.874470 79.143752
20.400000 72.981594 74.781842 76.056663 76.017878 77.198597 79.264865
20.430000 73.190062 74.988747 76.311950 76.254283 77.428298 79.368216
20.470000 73.470379 75.195064 76.691522 76.615555 77.973417 79.622810
20.500000 73.629773 75.327431 76.990924 76.858901 78.306563 79.899185
20.530000 73.845476 75.524227 77.220022 77.093968 78.586663 80.042080
20.560000 74.034236 75.777232 77.459120 77.332931 78.839523 80.225289
20.600000 74.275603 76.221686 77.793011 77.662582 79.169607 80.453676
20.630000 74.533174 76.432980 78.016140 77.897561 79.390186 80.673501
20.670000 74.743438 76.753220 78.373331 78.247569 79.701268 80.998800
20.700000 75.026987 76.940740 78.616071 78.490913 79.961497 81.176731
20.730000 75.278413 77.130597 78.906056 78.746250 80.225897 81.433670
20.770000 75.632953 77.432811 79.299220 79.112460 80.627704 81.815566
20.800000 75.934805 77.658484 79.564502 79.364627 80.869939 82.128331
20.870000 77.370772 78.838017 80.396649 80.210729 81.506417 82.641789
20.900000 77.611632 79.114280 80.627409 80.466582 81.733456 82.861720
20.930000 77.898717 79.359485 80.874043 80.706673 81.955339 83.059729
20.970000 78.293345 79.763619 81.177393 81.055245 82.274945 83.329122
21.000000 78.649825 80.060514 81.424286 81.308771 82.505472 83.528488
21.030000 78.968124 80.327589 81.658813 81.567198 82.760898 83.764237
21.070000 79.444499 80.747737 82.078468 81.951270 83.063253 84.024664
21.130000 80.559221 82.056670 82.898815 82.840212 83.712523 84.649385
21.170000 80.995719 82.454478 83.265573 83.221379 84.070553 85.073430
21.200000 81.083365 82.760450 83.548414 83.503021 84.332362 85.232741
21.230000 81.471328 83.034774 83.800932 83.763122 84.571940 85.530384
21.270000 81.793344 83.456916 84.162925 84.114342 84.868298 85.841171
21.300000 82.075786 83.740099 84.448820 84.376069 85.125870 85.980472
21.330000 82.303762 84.038448 84.721799 84.627955 85.312843 86.161927
21.370000 82.635599 84.447044 85.062468 84.970490 85.562221 86.396776
21.400000 82.817951 84.704408 85.298657 85.206881 85.777223 86.661343
21.430000 83.158031 84.958849 85.537788 85.447439 85.963816 87.047443
21.470000 83.371333 85.323783 85.875993 85.798655 86.264974 87.355093
21.500000 83.685324 85.612252 86.107072 86.044999 86.487531 87.835051
21.530000 83.963800 85.898772 86.334488 86.310811 86.723259 88.226927
21.570000 84.450241 86.311424 86.689618 86.702788 87.047188 89.601275
21.600000 84.834021 86.599889 86.951477 86.990595 87.354879 89.967728
21.630000 85.141706 86.840360 87.202292 87.260673 87.616629 90.192395
21.670000 85.529906 87.177787 87.540522 87.645192 88.060951 90.681123
21.730000 87.195761 87.635381 88.110571 88.315216 88.967867 91.091559
21.800000 87.716769 88.269858 89.013182 89.209895 90.115871 92.344700
21.830000 87.948145 88.529619 89.335967 89.495738 90.376810 92.629934
21.870000 88.258795 88.909521 89.758400 89.896519 90.752813 92.953326
21.900000 88.560512 89.177750 90.011403 90.174497 91.046588 93.326972
21.930000 88.846157 89.509010 90.314288 90.492846 91.468279 93.554510
21.970000 89.289375 89.981874 90.811764 91.006684 92.131476 93.955275
22.000000 89.566327 90.311021 91.128956 91.344096 92.447379 94.269268
22.030000 89.853784 90.621887 91.463062 91.672240 92.872793 94.456853
22.070000 90.481421 91.103245 92.060963 92.233108 93.477733 94.748780
22.100000 90.738140 91.419696 92.410396 92.573430 93.840160 95.022350
22.130000 91.060731 91.688129 92.774555 92.890661 94.161801 95.293894
22.170000 91.449058 92.084954 93.325396 93.338130 94.591647 95.694756
22.200000 91.693177 92.366052 93.604974 93.618076 94.836383 96.085116
22.230000 91.877796 92.635816 93.881307 93.891705 95.127923 96.447566
22.270000 92.117899 93.035172 94.251695 94.269990 95.432192 97.173827
22.300000 92.348259 93.318944 94.503515 94.550058 95.726889 97.628499
22.330000 92.558280 93.568825 94.761241 94.827708 95.998434 97.969242
22.370000 92.908211 93.971159 95.087874 95.241026 96.510152 98.340726
22.400000 93.228076 94.282580 95.314489 95.532360 96.926104 98.597645
22.430000 93.530202 94.525478 95.569542 95.804354 97.221633 98.809033
22.470000 94.000825 94.901988 95.936481 96.187426 97.707303 99.178753
22.500000 94.341648 95.184493 96.177080 96.458014 98.011764 99.415722
22.530000 94.696356 95.461311 96.444239 96.725626 98.302803 99.691478
22.570000 94.971836 95.788920 96.804269 97.074836 98.631486 100.002500
22.600000 95.240292 96.015794 97.072158 97.316805 98.868155 100.287772
22.630000 95.415411 96.222824 97.324776 97.546292 99.096603 100.558744
22.670000 95.658206 96.477142 97.651678 97.838187 99.399621 100.817168
22.700000 95.783998 96.627395 97.849300 98.049949 99.598348 101.026766
22.730000 95.915007 96.837635 98.100573 98.263242 99.796136 101.218763
22.770000 96.142334 97.103557 98.403782 98.551356 100.051794 101.526158
22.800000 96.277565 97.278531 98.650042 98.759093 100.250984 101.797745
22.830000 96.448723 97.473768 98.878691 98.964738 100.469213 102.035996
22.870000 96.670460 97.733728 99.152199 99.230816 100.797130 102.251482
22.900000 96.842096 97.923777 99.330600 99.436887 101.043330 102.521877
22.930000 97.034066 98.090642 99.517528 99.636386 101.214584 102.764113
22.970000 97.274670 98.337162 99.793163 99.916079 101.478130 103.062460
23.000000 97.453440 98.574126 99.962672 100.116981 101.689137 103.269396
23.030000 97.621968 98.804274 100.201251 100.322988 101.911692 103.404320
23.070000 97.831415 99.075159 100.501643 100.593015 102.166745 103.662194
23.100000 98.057071 99.276570 100.694404 100.793780 102.349575 103.920138
23.130000 98.335326 99.510752 100.899287 100.998165 102.543614 104.049239
23.170000 98.522304 99.789229 101.212372 101.288370 102.928918 104.286731
23.200000 98.715024 99.972045 101.458258 101.501661 103.105824 104.567854
23.230000 98.949604 100.221890 101.674632 101.724014 103.304925 104.742893
23.270000 99.255564 100.535797 101.930727 102.016026 103.618762 105.029216
23.300000 99.502088 100.739213 102.158331 102.234220 103.800517 105.205892
23.330000 99.702829 100.969993 102.382049 102.455089 103.987392 105.407427
23.370000 100.001878 101.365247 102.795163 102.776848 104.272652 105.692102
23.400000 100.275862 101.639745 103.025375 103.014698 104.456527 105.849462
23.440000 100.691184 101.950724 103.333424 103.315194 104.652927 106.053551
23.480000 101.002614 102.236622 103.680269 103.612763 104.920538 106.259631
23.500000 101.159945 102.360330 103.808870 103.761303 105.058140 106.377542
23.520000 101.315316 102.530699 103.986213 103.921454 105.196919 106.490097
23.560000 101.712053 102.972700 104.401062 104.297021 105.455402 106.733003
23.600000 102.059424 103.416322 104.810409 104.676710 105.758530 106.945973
23.640000 102.319548 103.813914 105.151262 105.010130 106.115325 107.157457
23.680000 102.585814 104.167170 105.481047 105.312501 106.414581 107.396239
23.700000 102.719387 104.346626 105.632439 105.465185 106.558568 107.527318
23.720000 102.850097 104.528164 105.817404 105.627836 106.694739 107.625603
23.760000 103.105687 104.864989 106.145641 105.961177 106.957799 107.865342
23.800000 103.399725 105.234976 106.522318 106.303574 107.264743 108.124763
23.840000 103.678583 105.596646 106.928219 106.645227 107.542012 108.325190
23.880000 104.049763 105.903908 107.312234 107.008072 107.914130 108.577913
23.920000 104.552803 106.339011 107.700978 107.411328 108.298014 108.929492
23.960000 104.963405 106.833942 108.184294 107.868324 108.747277 109.310593
24.040000 105.928993 108.552388 109.146882 109.034230 109.633781 110.186333
24.080000 106.303589 108.920792 109.525284 109.420956 110.066808 110.604851
24.120000 107.443382 109.263950 109.862688 109.785053 110.438848 110.957337
24.160000 108.116623 109.533757 110.221053 110.139601 110.844957 111.341620
24.200000 108.663386 109.860383 110.654328 110.519853 111.232474 111.694416
24.240000 109.177061 110.288262 111.076908 110.954805 111.658885 112.141170
24.280000 109.613997 110.733818 111.519331 111.395730 112.060808 112.494130
24.320000 110.268708 111.396702 112.022534 111.907514 112.496836 112.939895
24.360000 110.844398 111.956837 112.531739 112.428647 112.986722 113.419320
24.400000 111.676887 112.530874 113.031633 112.967488 113.472157 113.896604
24.440000 112.435908 113.073854 113.517596 113.491642 114.013799 114.421651
24.480000 113.023598 113.566289 114.025735 114.011506 114.524602 115.096591
24.520000 113.464143 114.020567 114.514792 114.506374 115.073975 115.654698
24.560000 113.791615 114.421975 114.983687 114.972645 115.595060 116.243017
24.600000 114.134765 114.798770 115.435929 115.423993 116.080752 116.737341
24.640000 114.527177 115.172469 115.910560 115.882714 116.569640 117.265290
24.680000 114.953286 115.685217 116.465423 116.426760 117.182576 117.959456
24.720000 115.393914 116.196957 117.032193 116.989096 117.758492 118.420750
24.760000 115.847194 116.807593 117.631246 117.561758 118.344057 118.923022
24.790000 116.194425 117.240932 118.023239 117.955980 118.716780 119.340138
24.840000 117.641912 118.476757 119.303923 119.248640 120.018909 120.726760
24.880000 118.145346 119.084624 119.834452 119.816750 120.579676 121.292980
24.920000 118.664721 119.591182 120.369557 120.343761 121.114240 121.853143
24.960000 119.179786 120.078375 120.789485 120.823836 121.622160 122.501553
25.000000 119.648232 120.456334 121.254730 121.278233 122.080324 122.977296
25.040000 119.984365 120.810155 121.661667 121.694893 122.591691 123.509169
25.080000 120.310804 121.182318 122.054010 122.105323 123.011142 124.203041
25.120000 120.606377 121.540899 122.434832 122.499525 123.469314 124.666790
25.160000 120.957689 121.876734 122.804865 122.880770 123.902387 125.098408
25.200000 121.266014 122.208052 123.186319 123.243099 124.264829 125.521282
25.240000 121.616854 122.562584 123.532715 123.603899 124.672426 125.876258
25.280000 121.908474 122.941937 123.917677 123.969041 125.051876 126.168756
25.320000 122.307096 123.258591 124.280370 124.336316 125.486367 126.430634
25.360000 122.583912 123.622228 124.663317 124.697094 125.879152 126.774340
25.400000 122.872259 123.975454 125.016204 125.058104 126.207638 127.167967
25.440000 123.171719 124.335537 125.390136 125.411918 126.532244 127.491019
25.480000 123.477401 124.693936 125.788927 125.742523 126.843987 127.746789
25.520000 123.851473 125.076558 126.157596 126.107680 127.182307 128.068573
25.560000 124.320383 125.412951 126.539885 126.461565 127.476008 128.343750
25.600000 124.635388 125.849256 126.904555 126.811394 127.744879 128.587033
25.640000 125.047214 126.289361 127.283200 127.181824 128.036144 128.755939
25.680000 125.420741 126.749547 127.704041 127.577198 128.364064 129.099389
25.720000 126.029533 127.198503 128.137236 127.976855 128.728609 129.342260
25.760000 126.601536 127.759068 128.533216 128.415840 129.090360 129.617193
25.800000 127.299759 128.393927 129.029219 128.925717 129.524692 129.925860
25.840000 128.119778 128.935369 129.452216 129.374822 129.884078 130.271692
25.880000 128.743533 129.355250 129.808248 129.749898 130.195055 130.607299
25.920000 129.085877 129.705501 130.112965 130.068157 130.517626 130.854427
25.960000 129.468533 130.022998 130.396990 130.374869 130.806467 131.168550
26.000000 129.855726 130.324826 130.703449 130.676493 131.092115 131.462429
26.100000 130.611394 131.116394 131.505554 131.483591 131.896615 132.181914
26.200000 131.682550 131.996099 132.293549 132.281758 132.569280 132.818582
26.240000 132.018399 132.286131 132.567125 132.556258 132.824316 133.060386
26.280000 132.322098 132.595236 132.864948 132.850901 133.097498 133.322491
26.320000 132.623801 132.930575 133.179038 133.169864 133.403052 133.608805
26.360000 133.135135 133.374509 133.567442 133.569597 133.766599 133.978393
26.400000 133.514806 133.719621 133.908695 133.905489 134.093352 134.254426
26.440000 133.780924 133.997157 134.173744 134.172477 134.356039 134.518881
26.480000 134.021262 134.217121 134.394152 134.392825 134.565975 134.748775
26.520000 134.243298 134.424457 134.604094 134.602705 134.774003 134.945846
26.560000 134.498694 134.663445 134.831427 134.829804 134.983282 135.147234
26.600000 134.781820 134.930043 135.074234 135.082588 135.235666 135.363727
26.630000 134.974959 135.154060 135.302107 135.309519 135.457797 135.631928
26.670000 135.257876 135.429477 135.590204 135.615987 135.779407 136.043923
26.700000 135.419612 135.607931 135.799483 135.824038 136.025844 136.356368
26.730000 135.568479 135.762951 135.991729 136.036509 136.294992 136.753206
26.770000 135.725848 135.936213 136.248019 136.303785 136.657239 137.143600
26.800000 135.839846 136.063181 136.407070 136.488071 136.913000 137.556568
26.830000 135.930005 136.183862 136.574864 136.661950 137.136123 137.785829
26.870000 136.042574 136.335562 136.785364 136.881083 137.410408 138.245706
26.900000 136.134491 136.459217 136.932303 137.047793 137.622324 138.436326
26.930000 136.253453 136.589177 137.110381 137.211351 137.829285 138.645186
26.970000 136.377308 136.748248 137.317865 137.422074 138.101193 138.915577
27.000000 136.451104 136.880098 137.495631 137.585700 138.301837 139.171509
27.030000 136.553037 137.013354 137.640490 137.744352 138.480861 139.417773
27.070000 136.693000 137.162007 137.895198 137.964598 138.743302 139.668295
27.100000 136.808907 137.306775 138.058781 138.126318 138.931151 139.847150
27.130000 136.920194 137.451522 138.240947 138.303454 139.153719 140.102241
27.170000 137.056976 137.646560 138.468479 138.540316 139.410993 140.397478
27.200000 137.156467 137.791512 138.645513 138.720363 139.628232 140.620874
27.240000 137.341727 137.999303 138.906215 138.952708 139.915479 140.980299
27.260000 137.421877 138.113588 139.028452 139.067281 140.032347 141.070697
27.280000 137.505847 138.205039 139.130360 139.180581 140.150579 141.195984
27.320000 137.661240 138.418948 139.364537 139.400680 140.377287 141.440717
27.400000 137.981476 138.785006 139.768368 139.827707 140.846773 141.940665
27.440000 138.178123 138.991086 140.008087 140.044059 141.111741 142.189236
27.480000 138.335770 139.161541 140.213826 140.261030 141.317210 142.431773
27.520000 138.513866 139.364719 140.430872 140.478469 141.559098 142.736964
27.560000 138.725659 139.564089 140.648287 140.702551 141.830951 142.970399
27.600000 138.895854 139.754770 140.888129 140.930536 142.076532 143.170589
27.640000 139.105052 139.963698 141.114130 141.151503 142.314999 143.409333
27.680000 139.304792 140.189877 141.315161 141.374596 142.518933 143.785366
27.800000 139.794432 140.795349 141.985464 142.023118 143.268023 144.525517
27.900000 140.280540 141.317979 142.489012 142.581129 143.917763 145.136698
28.000000 140.739536 141.797581 143.034521 143.136235 144.498217 146.021248
28.100000 141.203320 142.275427 143.555063 143.699242 145.130690 146.681018
28.200000 141.574611 142.826437 144.168631 144.264180 145.730612 147.460242
28.300000 142.146089 143.335638 144.819960 144.855129 146.409438 148.071433
28.400000 142.636802 143.926004 145.448941 145.474031 147.056025 148.683730
