depth(m) lower_95(kyr) lower_68(kyr) median(kyr) mean(kyr) upper_68(kyr) upper_95(kyr)
0.015000 0.021408 0.091889 0.214235 0.220874 0.344965 0.468344
0.140000 0.459930 0.752964 1.191428 1.349499 1.952354 3.109659
0.160000 0.547079 0.875971 1.368200 1.505872 2.121101 3.244950
0.240000 0.977327 1.442788 2.122062 2.254306 3.065098 4.248602
0.320000 1.407575 2.072652 2.866091 2.973479 3.852342 5.123824
0.360000 1.658921 2.377785 3.221578 3.306354 4.224219 5.497846
0.420000 2.040573 2.845826 3.730638 3.821124 4.797630 5.911088
0.480000 2.444206 3.354250 4.268423 4.358427 5.450611 6.446554
0.560000 3.095266 4.127397 5.167297 5.191838 6.266611 7.333091
0.640000 3.766855 4.952211 6.120689 6.053919 7.078223 8.192818
0.720000 4.642167 6.014517 7.030496 7.024224 8.061214 9.123121
0.790000 5.298210 6.916868 7.858852 7.851803 8.950849 9.942918
0.800000 5.350032 6.997377 7.926558 7.928280 9.017788 10.016015
0.840000 5.667571 7.311974 8.320310 8.293378 9.332170 10.299930
0.940000 8.038931 8.909402 9.683535 9.660288 10.421004 11.101981
0.980000 8.403122 9.255563 10.019383 9.981222 10.702811 11.362120
1.000000 8.530206 9.407774 10.171877 10.124057 10.837408 11.475190
1.020000 8.702194 9.557167 10.331753 10.265217 10.954324 11.599163
1.040000 8.901375 9.691111 10.492492 10.406756 11.086345 11.702200
1.060000 9.069735 9.871039 10.636614 10.558490 11.220662 11.801478
1.100000 9.470113 10.247377 10.991993 10.917932 11.533475 12.023004
1.120000 9.677383 10.424268 11.146773 11.064212 11.656767 12.159656
1.130000 9.757320 10.478645 11.216585 11.131530 11.721525 12.199008
1.140000 9.857657 10.554941 11.282697 11.199106 11.798795 12.252785
1.160000 9.984243 10.725570 11.402394 11.339895 11.930242 12.379228
1.180000 10.196961 10.896098 11.541282 11.483783 12.048935 12.507917
1.200000 10.354300 11.061352 11.683866 11.627740 12.178270 12.599978
1.220000 10.562291 11.235666 11.826086 11.771443 12.303110 12.698024
1.260000 11.108431 11.655878 12.134535 12.106157 12.565251 12.970230
1.300000 11.660550 12.103442 12.477355 12.490011 12.884784 13.344060
1.320000 11.801448 12.245928 12.621638 12.630495 13.024543 13.504824
1.340000 11.948410 12.385612 12.749040 12.762126 13.152126 13.623523
1.360000 12.087040 12.503551 12.879775 12.891505 13.276729 13.741462
1.380000 12.203525 12.615864 13.000435 13.009826 13.386905 13.874494
1.400000 12.337761 12.727544 13.115733 13.121230 13.498982 13.980108
1.460000 12.686960 13.067622 13.404758 13.427719 13.804112 14.254342
1.480000 12.763339 13.170011 13.517124 13.531769 13.903834 14.362592
1.500000 12.884718 13.273974 13.633009 13.641297 14.019883 14.461364
1.540000 13.196086 13.527989 13.864265 13.878527 14.234951 14.657648
1.560000 13.298654 13.666604 13.974401 13.995355 14.351666 14.772844
1.620000 13.664134 14.012956 14.302493 14.324567 14.677649 14.975422
1.660000 13.860516 14.226419 14.531817 14.555578 14.924278 15.183763
1.680000 13.992956 14.365025 14.664879 14.685465 15.054823 15.304784
1.700000 14.165275 14.513631 14.802030 14.814431 15.168175 15.381344
1.780000 14.694779 15.027438 15.309722 15.292217 15.554929 15.783436
1.820000 14.980726 15.282942 15.558367 15.537874 15.784333 16.029891
1.840000 15.111929 15.414151 15.689831 15.666279 15.905331 16.142271
1.860000 15.243556 15.549659 15.816354 15.797878 16.034213 16.261533
1.900000 15.521806 15.813299 16.045089 16.044341 16.286521 16.525640
1.940000 15.785127 16.044966 16.276276 16.283651 16.537073 16.814693
1.980000 16.002644 16.248292 16.496075 16.512165 16.787543 17.095948
2.020000 16.192061 16.454409 16.723778 16.744915 17.042139 17.434824
2.060000 16.338883 16.641948 16.933911 16.969295 17.305674 17.764875
2.100000 16.533998 16.833737 17.151101 17.200729 17.593977 18.149169
2.180000 16.824415 17.150823 17.531091 17.649522 18.157699 19.104190
2.220000 16.991794 17.319532 17.743158 17.876558 18.446756 19.511849
2.260000 17.180527 17.504435 17.948347 18.095340 18.708362 19.779330
2.300000 17.321121 17.696754 18.178346 18.332262 18.998720 20.039062
2.340000 17.523425 17.890426 18.394867 18.562134 19.298092 20.319352
2.420000 17.810234 18.229086 18.815159 19.000762 19.846029 20.948798
2.440000 17.910644 18.312273 18.922814 19.111131 19.983462 21.085405
2.480000 18.134198 18.539915 19.134709 19.341626 20.252514 21.496532
2.500000 18.266851 18.645658 19.252546 19.457446 20.387129 21.568138
2.520000 18.376658 18.743937 19.344460 19.578444 20.512236 21.649823
2.620000 18.817737 19.278650 19.960984 20.243880 21.386984 22.800498
2.640000 18.915651 19.378495 20.075781 20.362543 21.581759 22.893313
2.660000 19.014411 19.480254 20.187654 20.483050 21.721193 23.025843
2.760000 19.457571 20.048073 20.926167 21.131281 22.460878 23.763966
2.860000 19.925886 20.617636 21.533079 21.766850 23.088717 24.388157
2.900000 20.125773 20.844696 21.779459 22.016288 23.326439 24.667997
2.980000 20.607985 21.292982 22.295007 22.576028 24.109602 25.289141
3.060000 20.988459 21.632340 22.898784 23.118844 24.655968 25.875991
3.100000 21.261736 21.852085 23.212152 23.370463 24.880137 26.108779
3.120000 21.373036 21.971608 23.344764 23.490754 25.001985 26.230775
3.140000 21.443422 22.111547 23.487279 23.615905 25.125992 26.359417
3.180000 21.686448 22.374795 23.809759 23.894251 25.388074 26.661407
3.220000 21.953497 22.648952 24.147361 24.179620 25.729799 26.972850
3.260000 22.122238 22.940613 24.514828 24.474565 26.001178 27.260500
3.300000 22.380438 23.199011 24.801041 24.770477 26.318014 27.501398
3.320000 22.533001 23.311847 24.945361 24.902312 26.458393 27.693855
3.340000 22.671597 23.463445 25.061663 25.040396 26.597087 27.795217
3.360000 22.783390 23.606756 25.242031 25.172066 26.715266 27.917653
3.400000 23.088876 23.899309 25.534513 25.466580 27.002711 28.238279
3.420000 23.210569 24.035719 25.673501 25.596449 27.150197 28.357832
3.440000 23.314446 24.177010 25.815147 25.727405 27.287206 28.479942
3.480000 23.505588 24.509397 26.086885 26.013093 27.555547 28.690460
3.500000 23.624194 24.647081 26.224766 26.141443 27.696450 28.836044
3.520000 23.701994 24.781520 26.328091 26.270655 27.791768 28.975641
3.540000 23.800695 24.916287 26.452620 26.396276 27.909393 29.142108
3.580000 24.010016 25.206487 26.706289 26.676739 28.217937 29.385591
3.620000 24.242902 25.444936 27.060806 26.963609 28.458368 29.728187
3.660000 24.592380 25.710406 27.327944 27.247235 28.706138 29.921473
3.700000 24.871887 26.042624 27.620479 27.538212 28.942616 30.122738
3.720000 24.979769 26.187083 27.764971 27.673262 29.082329 30.189949
3.780000 25.443128 26.754047 28.278355 28.141727 29.526753 30.498860
3.840000 25.777136 27.210471 28.779663 28.603402 29.974413 30.826418
3.860000 25.934191 27.357607 28.917510 28.729032 30.072239 30.923381
3.880000 26.044804 27.502473 29.055119 28.853711 30.205709 31.013571
3.900000 26.161646 27.637220 29.188946 28.978812 30.317796 31.110447
3.940000 26.410782 27.965479 29.460009 29.238434 30.558542 31.286401
3.980000 26.758125 28.288539 29.744234 29.503710 30.779360 31.454970
4.020000 27.037471 28.600929 29.989965 29.779864 31.033323 31.655103
4.060000 27.309371 28.894766 30.214508 30.043867 31.236163 31.821144
4.100000 27.575704 29.209980 30.467168 30.309366 31.454322 32.022300
4.140000 27.850038 29.561801 30.725482 30.577153 31.651804 32.254800
4.160000 28.021851 29.713699 30.852224 30.702258 31.764047 32.331789
4.200000 28.393462 29.978675 31.100236 30.957061 31.981726 32.513530
4.240000 28.805381 30.322007 31.336027 31.218825 32.159756 32.651690
4.300000 29.483288 30.811478 31.757495 31.619127 32.445779 32.880136
4.380000 30.473109 31.496506 32.226908 32.152203 32.808549 33.268031
4.460000 31.458940 32.150880 32.666333 32.674735 33.222567 33.662764
4.480000 31.586597 32.267129 32.785515 32.790602 33.331665 33.815093
4.500000 31.667447 32.392040 32.908209 32.907019 33.442139 33.939287
4.505000 31.691342 32.417726 32.930533 32.935531 33.462337 33.960060
4.520000 31.759677 32.508198 33.025207 33.025607 33.539933 34.026934
4.580000 32.188159 32.864799 33.403360 33.377264 33.892887 34.484109
4.620000 32.401342 33.081862 33.638360 33.620637 34.173725 34.751512
4.660000 32.607633 33.291609 33.890323 33.862011 34.421478 35.007525
