depth	d18O
0.175	2.14
0.2	2.26
0.22	2.34
0.27	2.26
0.3	2.33
0.32	2.95
0.4	2.23
0.47	3.48
0.5	2.22
0.52	2.3
0.575	2.37
0.575	3.28
0.6	2.12
0.62	3.01
0.67	2.37
0.7	2.23
0.72	2.31
0.78	2.24
0.87	2.38
0.9	2.26
0.92	2.41
0.98	2.16
1.02	2.33
1.07	2.54
1.1	2.27
1.12	2.39
1.175	2.33
1.22	2.37
1.27	2.41
1.3	2.4
1.32	2.63
1.37	2.54
1.375	2.57
1.4	2.61
1.42	2.47
1.47	2.47
1.48	2.47
1.52	2.36
1.575	2.43
1.6	2.42
1.62	2.59
1.67	2.72
1.7	2.69
1.72	3.2
1.775	2.91
1.8	2.9
1.8	2.94
1.82	2.95
1.87	2.97
1.9	2.8
1.92	2.99
1.975	2.6
2	2.63
2.07	3.03
2.1	3.22
2.12	3.18
2.175	3.21
2.2	3.37
2.225	3.02
2.27	3.33
2.3	3.18
2.32	3.15
2.385	3.22
2.4	3.21
2.42	3.28
2.47	3.35
2.5	3.14
2.52	3.35
2.6	3.24
2.62	3.23
2.67	3.37
2.7	3.3
2.72	3.35
2.775	2.99
2.8	3.29
2.82	3.4
2.87	3.39
2.9	3.38
2.92	3.63
2.965	3.35
2.98	3.33
3.02	3.33
3.07	3.32
3.08	2.55
3.12	3.53
3.175	3.17
3.18	3.53
3.22	3.61
3.27	3.53
3.28	3.52
3.335	3.57
3.37	3.98
3.38	3.97
3.42	4.11
3.47	4.04
3.48	3.88
3.535	4.12
3.57	4.24
3.58	4.12
3.62	4.2
3.67	4.35
3.68	4.27
3.77	4.31
3.78	4.4
3.82	4.32
3.87	4.4
3.88	4.35
3.935	4.25
3.97	4.4
3.98	4.28
4.02	4.35
4.07	4.24
4.08	4.28
4.135	4.12
4.17	4.32
4.18	3.91
4.22	4.38
4.27	4.39
4.28	4.24
4.335	4.11
4.37	4.23
4.38	4.22
4.42	4.28
4.47	4.27
4.535	4.19
4.57	4.26
4.58	4.27
4.62	4.29
4.67	4.24
4.68	4.25
4.735	4.18
4.77	4.27
4.78	4.27
4.82	4.32
4.87	4.3
4.88	4.31
4.935	4.2
4.97	4.28
4.98	4.24
5.02	4.22
5.07	4.27
5.08	4.26
5.135	4.23
5.17	4.25
5.18	4.21
5.22	4.3
5.22	4.18
5.27	4.29
5.28	4.3
5.335	4.19
5.37	4.32
5.38	4.24
5.42	4.23
5.47	4.26
5.48	4.33
5.535	4.13
5.57	4.23
5.58	4.31
5.62	4.32
5.67	4.22
5.68	4.21
5.77	4.15
5.78	4.22
5.82	4.28
5.87	4.26
5.88	4.26
5.935	4.07
5.97	4.23
6.02	4.15
6.07	4.05
6.08	4.17
6.135	4.09
6.17	4.15
6.18	4.22
6.22	4.06
6.27	4.13
6.28	4.21
6.335	4.23
6.335	4.02
6.37	4.1
6.38	4.18
6.42	4.21
6.47	4.2
6.48	4.23
6.535	4.06
6.57	4.19
6.58	4.15
6.62	4.27
6.68	4.34
6.735	4.36
6.77	4.21
6.78	4.14
6.97	4.4
6.98	4.3
7.02	4.42
7.07	4.21
7.08	4.31
7.135	4.05
7.17	4.08
7.18	4.25
7.22	4.29
7.27	4.19
7.28	4.26
7.335	4.13
7.37	4.25
7.38	4.16
7.42	4.19
7.44	4.12
7.475	4.04
7.52	4.12
7.57	4.07
7.58	4.12
7.62	3.95
7.67	3.97
7.68	3.98
7.72	4.23
7.735	3.86
7.77	4.12
7.78	4.14
7.82	4.03
7.87	3.97
7.88	4.07
7.935	3.86
7.97	4.05
7.98	3.96
8.02	4.14
8.07	4.06
8.08	4.07
8.135	3.97
8.17	3.96
8.18	4.04
8.22	3.87
8.27	3.89
8.28	3.91
8.37	3.98
8.38	4.02
8.42	3.98
8.47	4
8.48	4.05
8.535	4.02
8.57	3.88
8.58	4.06
8.62	3.89
8.67	3.76
8.68	3.82
8.735	3.96
8.77	3.93
8.78	4.04
8.82	3.87
8.87	3.91
8.88	4
8.925	3.91
8.94	4.04
8.97	3.82
9.02	3.88
9.07	3.93
9.17	3.96
9.18	4.07
9.22	3.92
9.27	3.95
9.28	3.79
9.325	3.69
9.37	3.77
9.38	4.02
9.425	3.82
9.47	3.83
9.48	4.01
9.525	3.86
9.565	3.79
9.58	3.9
9.625	3.87
9.665	4.05
9.68	3.74
9.705	3.81
9.725	3.76
9.77	3.89
9.78	4.03
9.82	3.98
9.87	3.91
9.88	3.9
9.925	3.81
9.97	3.8
9.98	3.69
10.02	3.94
10.055	3.77
10.07	3.99
10.08	3.96
10.105	3.96
10.125	3.84
10.145	3.8
10.17	3.78
10.18	3.9
10.205	3.9
10.22	3.93
10.27	4
10.28	3.79
10.305	3.74
10.32	3.57
10.37	4.04
10.38	3.67
10.425	3.56
10.445	3.58
10.465	3.75
10.48	3.78
10.505	3.74
10.52	3.84
10.555	3.65
10.565	3.73
10.58	3.82
10.6	3.87
10.62	3.82
10.635	3.74
10.64	3.71
10.66	3.72
10.68	3.75
10.7	3.78
10.72	3.7
10.74	3.72
10.76	3.73
10.78	3.69
10.8	3.74
10.82	3.7
10.835	3.57
10.84	3.52
10.86	3.65
10.88	3.64
10.9	3.7
10.92	3.76
10.94	3.68
10.96	3.41
10.98	3.69
11	3.62
11.02	3.38
11.035	3.54
11.04	3.77
11.06	3.74
11.08	3.73
11.1	3.8
11.12	3.68
11.14	3.87
11.14	3.87
11.16	3.87
11.18	3.75
11.2	3.86
11.22	3.77
11.235	3.7
11.24	3.68
11.26	3.76
11.28	3.77
11.3	3.77
11.32	3.83
11.34	3.71
11.36	3.86
11.38	3.76
11.4	3.68
11.42	3.84
11.44	3.75
11.5	3.8
11.66	3.82
11.72	3.36
11.74	3.28
11.78	3.18
11.8	3.17
11.82	3.4
11.84	3.21
11.86	3.24
11.88	3.22
11.92	3.35
11.94	3.51
11.955	3.57
11.96	3.58
11.98	3.7
12	3.81
12.02	3.66
12.045	3.66
12.06	3.7
12.08	3.73
12.095	4.09
12.125	3.85
12.14	4.03
12.155	3.89
12.18	3.82
12.2	3.89
12.225	3.94
12.24	3.85
12.28	4.08
12.285	3.85
12.3	4.1
12.315	3.93
12.335	3.87
12.34	3.92
12.355	3.78
12.36	3.92
12.375	3.98
12.38	3.99
12.405	3.81
12.445	3.8
12.48	3.88
12.515	3.72
12.575	3.64
12.58	3.79
12.605	3.68
12.635	3.78
12.675	3.69
12.68	3.9
12.685	3.68
12.745	3.76
12.78	3.85
12.83	3.71
12.875	3.76
12.88	3.79
12.885	3.59
12.915	3.77
12.94	3.76
12.98	3.84
13.015	3.73
13.075	3.66
13.08	3.88
13.085	3.68
13.095	3.81
13.135	3.77
13.18	3.91
13.185	3.7
13.195	3.72
13.215	3.67
13.235	3.62
13.28	3.87
13.325	3.65
13.38	3.79
13.43	3.56
13.48	3.82
13.525	3.86
13.535	3.66
13.58	3.89
13.68	3.81
13.705	3.62
13.74	3.76
13.795	3.47
13.815	3.66
13.835	3.71
13.88	3.96
13.915	3.71
13.98	3.94
14.08	3.96
14.105	3.89
14.125	3.75
14.155	3.8
14.18	3.91
14.185	3.64
14.205	3.66
14.215	3.61
14.255	3.58
14.28	3.78
14.38	3.83
14.44	3.52
14.48	3.73
14.505	3.55
14.58	3.69
14.605	3.63
14.625	3.59
14.68	3.62
14.685	3.63
14.705	3.6
14.75	3.84
14.78	3.76
14.815	3.88
14.85	3.75
14.885	3.73
14.95	3.81
14.985	3.74
15.05	3.57
15.085	3.64
15.125	3.58
15.15	3.59
15.18	3.68
15.27	3.44
15.28	3.58
15.365	3.85
15.365	3.69
15.38	3.94
15.415	3.87
15.415	3.63
15.425	3.61
15.435	3.66
15.48	3.92
15.505	3.8
15.545	3.64
15.565	3.77
15.58	3.88
15.615	3.86
15.645	3.72
15.68	3.73
15.715	3.27
15.78	3.66
15.805	3.61
15.845	3.62
15.865	3.58
15.88	3.7
15.885	3.6
15.895	3.62
15.925	3.56
15.945	3.49
15.98	3.59
15.985	3.43
15.995	3.43
16.035	3.63
16.045	3.36
16.08	3.45
16.105	3.43
16.18	3.52
16.195	3.55
16.23	3.54
16.28	3.54
16.305	3.56
16.305	3.37
16.33	3.46
16.38	3.53
16.415	3.49
16.44	3.5
16.48	3.67
16.535	3.56
16.58	3.49
16.63	3.5
16.68	3.5
16.735	3.22
16.78	3.59
16.83	3.5
16.88	3.49
16.905	3.38
16.965	3.4
16.98	3.49
17.08	3.43
17.18	3.52
17.28	3.45
17.38	3.36
17.435	3.47
17.48	3.46
17.535	3.34
17.595	3.38
17.645	3.45
17.78	3.72
17.805	3.64
17.88	3.62
17.905	3.66
17.98	3.72
18.045	3.78
18.105	3.53
18.13	3.69
18.155	3.74
18.18	3.77
18.205	3.81
18.355	3.96
18.355	3.65
18.415	3.48
18.425	3.6
18.44	3.64
