age(kyr) mean(permil) sigma(permil)
0.000000 2.785694 0.232083
0.100000 2.784597 0.228088
0.200000 2.783498 0.224095
0.300000 2.782399 0.220115
0.400000 2.781299 0.216153
0.500000 2.780197 0.212202
0.600000 2.779095 0.208250
0.700000 2.777992 0.204281
0.800000 2.776887 0.200280
0.900000 2.775782 0.196235
1.000000 2.774676 0.192131
1.100000 2.773568 0.187955
1.200000 2.772460 0.183692
1.300000 2.771351 0.179325
1.400000 2.770240 0.174836
1.500000 2.769129 0.170207
1.600000 2.768017 0.165427
1.700000 2.766904 0.160497
1.800000 2.765789 0.155423
1.900000 2.764674 0.150191
2.000000 2.763558 0.144767
2.100000 2.762461 0.139131
2.200000 2.761468 0.133413
2.300000 2.760555 0.127585
2.400000 2.760101 0.122054
2.500000 2.760142 0.116911
2.600000 2.760864 0.113004
2.700000 2.762228 0.110263
2.800000 2.764092 0.108176
2.900000 2.766158 0.107197
3.000000 2.768078 0.106709
3.100000 2.769640 0.106729
3.200000 2.770600 0.107055
3.300000 2.771105 0.107414
3.400000 2.771305 0.108147
3.500000 2.771640 0.108991
3.600000 2.772507 0.110436
3.700000 2.774125 0.112472
3.800000 2.776575 0.114790
3.900000 2.780155 0.117747
4.000000 2.784612 0.120791
4.100000 2.789914 0.124129
4.200000 2.795886 0.127389
4.300000 2.801950 0.130530
4.400000 2.807957 0.134050
4.500000 2.813983 0.137842
4.600000 2.819960 0.142020
4.700000 2.825695 0.146701
4.800000 2.831578 0.151638
4.900000 2.837755 0.157084
5.000000 2.844151 0.162994
5.100000 2.850825 0.169497
5.200000 2.857846 0.176409
5.300000 2.864787 0.183566
5.400000 2.871919 0.190996
5.500000 2.879072 0.198549
5.600000 2.886390 0.206292
5.700000 2.893813 0.214158
5.800000 2.901347 0.222038
5.900000 2.909182 0.229842
6.000000 2.917493 0.237467
6.100000 2.925858 0.244895
6.200000 2.934514 0.252026
6.300000 2.943495 0.258782
6.400000 2.952801 0.265199
6.500000 2.961846 0.271224
6.600000 2.971154 0.276845
6.700000 2.980964 0.282154
6.800000 2.991213 0.287176
6.900000 3.001664 0.291955
7.000000 3.012321 0.296461
7.100000 3.023129 0.300728
7.200000 3.034104 0.304787
7.300000 3.045007 0.308541
7.400000 3.055830 0.312088
7.500000 3.066773 0.315478
7.600000 3.077774 0.318733
7.700000 3.088874 0.321834
7.800000 3.100265 0.324776
7.900000 3.111910 0.327641
8.000000 3.123725 0.330455
8.100000 3.136015 0.333205
8.200000 3.148354 0.335842
8.300000 3.160825 0.338271
8.400000 3.173804 0.340471
8.500000 3.187325 0.342355
8.600000 3.201798 0.343890
8.700000 3.217142 0.345049
8.800000 3.232797 0.345794
8.900000 3.248989 0.346125
9.000000 3.265517 0.345999
9.100000 3.282162 0.345447
9.200000 3.298819 0.344497
9.300000 3.315567 0.343105
9.400000 3.332270 0.341323
9.500000 3.348916 0.339129
9.600000 3.365493 0.336566
9.700000 3.381955 0.333553
9.800000 3.398434 0.329981
9.900000 3.415025 0.325847
10.000000 3.431635 0.321163
10.100000 3.448525 0.316084
10.200000 3.465792 0.310793
10.300000 3.483126 0.305358
10.400000 3.500897 0.299951
10.500000 3.518968 0.294687
10.600000 3.537468 0.289970
10.700000 3.556308 0.286151
10.800000 3.575772 0.283220
10.900000 3.595724 0.280539
11.000000 3.616515 0.277354
11.100000 3.638165 0.273699
11.200000 3.660488 0.269360
11.300000 3.682971 0.264379
11.400000 3.705960 0.259200
11.500000 3.729172 0.253731
11.600000 3.751917 0.248620
11.700000 3.774511 0.244364
11.800000 3.797147 0.241187
11.900000 3.819872 0.239342
12.000000 3.842622 0.239238
12.100000 3.865894 0.241437
12.200000 3.889655 0.246020
12.300000 3.914116 0.252754
12.400000 3.939574 0.261466
12.500000 3.965887 0.271793
12.600000 3.993301 0.283412
12.700000 4.021795 0.295888
12.800000 4.050719 0.308705
12.900000 4.080111 0.321329
13.000000 4.109921 0.333047
13.100000 4.139681 0.343134
13.200000 4.169166 0.351018
13.300000 4.198034 0.356170
13.400000 4.225497 0.358230
13.500000 4.251251 0.356973
13.600000 4.274698 0.352298
13.700000 4.295606 0.344528
13.800000 4.314583 0.334234
13.900000 4.331016 0.322369
14.000000 4.345720 0.309703
14.100000 4.358635 0.296948
14.200000 4.370349 0.284739
14.300000 4.381630 0.273497
14.400000 4.392506 0.263549
14.500000 4.403078 0.255137
14.600000 4.413357 0.248548
14.700000 4.423327 0.243973
14.800000 4.433044 0.241379
14.900000 4.442430 0.240803
15.000000 4.451602 0.241743
15.100000 4.460609 0.243677
15.200000 4.469727 0.246092
15.300000 4.479074 0.248545
15.400000 4.489087 0.250859
15.500000 4.499821 0.252706
15.600000 4.511514 0.254000
15.700000 4.524075 0.254903
15.800000 4.537275 0.255556
15.900000 4.551231 0.255886
16.000000 4.565556 0.255526
16.100000 4.580517 0.254099
16.200000 4.596211 0.251499
16.300000 4.612035 0.247619
16.400000 4.627578 0.242582
16.500000 4.643130 0.236555
16.600000 4.658345 0.229560
16.700000 4.672860 0.221255
16.800000 4.686853 0.211555
16.900000 4.699323 0.200986
17.000000 4.710318 0.189858
17.100000 4.719629 0.178473
17.200000 4.726348 0.166983
17.300000 4.731126 0.155979
17.400000 4.733818 0.146278
17.500000 4.734590 0.137128
17.600000 4.733212 0.128748
17.700000 4.730926 0.121264
17.800000 4.728267 0.114485
17.900000 4.725400 0.109197
18.000000 4.722724 0.103800
18.100000 4.719714 0.098457
18.200000 4.715802 0.093762
18.300000 4.710857 0.090279
18.400000 4.703133 0.089166
18.500000 4.692574 0.089627
18.600000 4.678435 0.091404
18.700000 4.661757 0.093416
18.800000 4.643766 0.094545
18.900000 4.626672 0.095748
19.000000 4.611765 0.098293
19.100000 4.600743 0.104889
19.200000 4.594311 0.116681
19.300000 4.591639 0.132065
19.400000 4.593440 0.148251
19.500000 4.598027 0.162215
19.600000 4.605220 0.173990
19.700000 4.613429 0.182525
19.800000 4.621522 0.187228
19.900000 4.627754 0.188640
20.000000 4.631873 0.187863
20.100000 4.633511 0.186193
20.200000 4.632771 0.184094
20.300000 4.630521 0.181801
20.400000 4.627495 0.180284
20.500000 4.624364 0.179456
20.600000 4.621322 0.179532
20.700000 4.618785 0.181961
20.800000 4.616900 0.186992
20.900000 4.615788 0.194124
21.000000 4.615302 0.201421
21.100000 4.615473 0.207347
21.200000 4.616237 0.211089
21.300000 4.617165 0.212580
21.400000 4.618336 0.212416
21.500000 4.619610 0.210933
21.600000 4.620935 0.208868
21.700000 4.622126 0.206814
21.800000 4.623290 0.205170
21.900000 4.624166 0.204447
22.000000 4.624826 0.204509
22.100000 4.625062 0.205350
22.200000 4.624750 0.206593
22.300000 4.623996 0.207723
22.400000 4.622479 0.208531
22.500000 4.620626 0.208790
22.600000 4.618375 0.208485
22.700000 4.616145 0.207572
22.800000 4.614005 0.205983
22.900000 4.612099 0.203861
23.000000 4.610405 0.201102
23.100000 4.609188 0.197959
23.200000 4.608290 0.194660
23.300000 4.607564 0.191472
23.400000 4.607377 0.188855
23.500000 4.607346 0.186883
23.600000 4.607142 0.185694
23.700000 4.606942 0.185188
23.800000 4.606882 0.185063
23.900000 4.606745 0.185283
24.000000 4.606691 0.185507
24.100000 4.606813 0.185661
24.200000 4.607067 0.185573
24.300000 4.607538 0.184997
24.400000 4.608309 0.184007
24.500000 4.608962 0.182540
24.600000 4.609820 0.180686
24.700000 4.610614 0.178410
24.800000 4.610821 0.175701
24.900000 4.610506 0.172786
25.000000 4.609909 0.169666
25.100000 4.608903 0.166527
25.200000 4.607454 0.163428
25.300000 4.606004 0.160203
25.400000 4.604456 0.157020
25.500000 4.602932 0.153830
25.600000 4.601467 0.150887
25.700000 4.600332 0.148147
25.800000 4.599407 0.145566
25.900000 4.598677 0.143198
26.000000 4.598218 0.140860
26.100000 4.597878 0.138834
26.200000 4.597514 0.137039
26.300000 4.597139 0.135472
26.400000 4.596843 0.134511
26.500000 4.596498 0.133823
26.600000 4.595973 0.133470
26.700000 4.595359 0.133590
26.800000 4.594685 0.133892
26.900000 4.593838 0.134787
27.000000 4.592788 0.136098
27.100000 4.591760 0.137971
27.200000 4.590780 0.139909
27.300000 4.589785 0.141782
27.400000 4.588763 0.143707
27.500000 4.587787 0.145777
27.600000 4.586891 0.148056
27.700000 4.585970 0.150538
27.800000 4.585133 0.153193
27.900000 4.584360 0.156269
28.000000 4.583666 0.159629
28.100000 4.583013 0.163041
28.200000 4.582361 0.166647
28.300000 4.581686 0.170224
28.400000 4.581039 0.173821
28.500000 4.580417 0.177445
28.600000 4.579770 0.181050
28.700000 4.579182 0.184731
28.800000 4.578619 0.188370
28.900000 4.578091 0.192098
29.000000 4.577571 0.195774
29.100000 4.577072 0.199458
29.200000 4.576579 0.203166
29.300000 4.576088 0.206833
29.400000 4.575624 0.210459
29.500000 4.575198 0.214057
29.600000 4.574772 0.217599
29.700000 4.574347 0.221087
29.800000 4.573922 0.224523
29.900000 4.573462 0.227900
30.000000 4.572951 0.231216
