depth(m) lower_95(kyr) lower_68(kyr) median(kyr) mean(kyr) upper_68(kyr) upper_95(kyr)
0.015000 0.022378 0.083738 0.193475 0.200718 0.310229 0.437455
0.140000 0.463677 0.708088 1.052930 1.335863 1.975109 3.820287
0.160000 0.554548 0.815154 1.227277 1.504092 2.215422 3.923352
0.240000 0.958597 1.275828 2.048449 2.246321 3.303634 4.636058
0.320000 1.357750 1.769750 2.821695 2.954333 4.184063 5.301525
0.360000 1.588627 2.068489 3.210288 3.293708 4.600638 5.547355
0.420000 1.941019 2.575981 3.762934 3.817752 5.058108 5.956870
0.480000 2.317132 3.165682 4.313790 4.345803 5.580708 6.341254
0.560000 2.884357 3.987159 5.101158 5.032698 6.117400 6.889503
0.640000 3.545971 4.766784 5.788382 5.723328 6.637159 7.386265
0.720000 4.407951 5.641500 6.524866 6.460843 7.304354 8.180248
0.790000 5.036824 6.350545 7.161052 7.136354 8.004624 8.905552
0.800000 5.109053 6.433103 7.236519 7.216900 8.080178 8.967195
0.840000 5.453631 6.799457 7.558064 7.546027 8.377205 9.179064
0.940000 6.843744 7.682557 8.382071 8.386114 9.156484 9.701233
0.980000 7.215674 7.950252 8.659490 8.669150 9.509231 9.912783
1.000000 7.320431 8.144319 8.790296 8.809014 9.628042 10.026926
1.020000 7.473265 8.266600 8.939796 8.952288 9.769320 10.151927
1.040000 7.593407 8.377055 9.071101 9.082373 9.883543 10.275637
1.060000 7.735274 8.501813 9.221532 9.219528 10.005058 10.407057
1.100000 7.986880 8.722471 9.491127 9.470304 10.269421 10.598530
1.120000 8.098153 8.842889 9.608716 9.594694 10.387910 10.697672
1.130000 8.179907 8.918683 9.669181 9.658231 10.445116 10.768362
1.140000 8.223457 8.984287 9.742088 9.719905 10.510801 10.808783
1.160000 8.404108 9.112153 9.853380 9.840382 10.620544 10.897230
1.180000 8.582772 9.275049 9.961572 9.965421 10.730044 10.977583
1.200000 8.807289 9.410157 10.091813 10.089663 10.833544 11.070120
1.220000 8.939032 9.567114 10.249280 10.211612 10.932262 11.165067
1.260000 9.277526 9.824160 10.466485 10.448430 11.123893 11.376765
1.300000 9.523641 10.072673 10.720404 10.695821 11.323391 11.563254
1.320000 9.663412 10.189651 10.848972 10.814833 11.425953 11.699198
1.340000 9.772185 10.299329 10.988377 10.928127 11.530617 11.808497
1.360000 9.902512 10.431224 11.123417 11.042660 11.622107 11.926690
1.380000 10.026652 10.544961 11.231014 11.155533 11.733451 12.021089
1.400000 10.141398 10.640003 11.336637 11.262949 11.822173 12.121034
1.460000 10.479463 10.913865 11.617672 11.537071 12.072691 12.419392
1.480000 10.574012 11.038862 11.722800 11.640705 12.167918 12.541643
1.500000 10.714014 11.156432 11.823620 11.748653 12.265578 12.681302
1.540000 10.947544 11.416373 12.036890 11.970896 12.484606 12.923967
1.560000 11.070331 11.529803 12.139883 12.081332 12.580031 13.065781
1.620000 11.392359 11.840251 12.423132 12.389069 12.878693 13.443400
1.660000 11.589397 12.103308 12.647047 12.630928 13.087501 13.783845
1.680000 11.694023 12.225815 12.775891 12.765887 13.236349 13.946222
1.700000 11.846337 12.389636 12.918745 12.914928 13.411947 14.110829
1.780000 12.389070 12.954419 13.541425 13.556646 14.191715 14.815871
1.820000 12.673722 13.260564 13.887124 13.906239 14.582689 15.154027
1.840000 12.842749 13.409325 14.062502 14.077933 14.794045 15.285973
1.860000 13.056662 13.593986 14.261378 14.268790 14.968139 15.483942
1.900000 13.447202 14.015911 14.707201 14.707231 15.410105 15.939472
1.940000 13.784365 14.434385 15.121809 15.104585 15.783076 16.304571
1.980000 14.130373 14.790882 15.520323 15.494364 16.150428 16.646890
2.020000 14.508457 15.170345 15.892192 15.863902 16.544898 17.093153
2.060000 14.820098 15.488389 16.224231 16.198462 16.873492 17.501445
2.100000 15.145576 15.797643 16.543501 16.539698 17.258455 17.938348
2.180000 15.667400 16.376553 17.117754 17.166225 17.904778 19.074495
2.220000 15.901478 16.627952 17.427974 17.458391 18.237725 19.483170
2.260000 16.122531 16.864984 17.720460 17.750824 18.565576 19.771698
2.300000 16.359447 17.105654 17.994305 18.026577 18.875168 20.039144
2.340000 16.557076 17.367075 18.271079 18.286073 19.165644 20.327720
2.420000 16.905520 17.783569 18.759128 18.815781 19.916209 20.986548
2.440000 17.123425 17.889827 18.876348 18.943578 20.051038 21.116492
2.480000 17.315556 18.112300 19.112497 19.199927 20.337981 21.444148
2.500000 17.422292 18.220443 19.240695 19.328393 20.440719 21.570737
2.520000 17.557233 18.347387 19.359902 19.453895 20.554937 21.705333
2.620000 18.007527 18.882213 19.958005 20.046608 21.234877 22.595975
2.640000 18.119149 18.996386 20.097790 20.170371 21.396054 22.805252
2.660000 18.259436 19.112108 20.192280 20.287709 21.535475 22.915746
2.760000 18.810435 19.675762 20.707797 20.847007 22.069377 23.458135
2.860000 19.326147 20.258655 21.218273 21.413809 22.656134 24.037722
2.900000 19.512291 20.497006 21.459304 21.660623 22.957601 24.323690
2.980000 19.942337 20.997695 21.989947 22.146103 23.487605 24.796165
3.060000 20.384753 21.447043 22.480888 22.622710 23.986235 25.224233
3.100000 20.585633 21.689856 22.712713 22.878204 24.247914 25.482316
3.120000 20.695597 21.794821 22.832193 23.007537 24.374756 25.593518
3.140000 20.836405 21.895310 22.982043 23.136653 24.527836 25.700678
3.180000 21.125009 22.095298 23.292337 23.394141 24.782307 25.827566
3.220000 21.441485 22.332470 23.537865 23.656315 24.987391 26.182577
3.260000 21.678177 22.551089 23.834617 23.907967 25.198182 26.447089
3.300000 21.966399 22.780294 24.206065 24.182934 25.454031 26.767791
3.320000 22.078848 22.904648 24.346815 24.311866 25.556900 26.887454
3.340000 22.226527 23.029148 24.523781 24.436829 25.666487 26.993335
3.360000 22.320973 23.164932 24.640654 24.558616 25.761086 27.125669
3.400000 22.633508 23.411741 24.892489 24.807812 25.984295 27.272843
3.420000 22.742762 23.540943 25.044272 24.928117 26.078640 27.430287
3.440000 22.841643 23.658864 25.172211 25.050426 26.184417 27.522289
3.480000 23.065793 23.880588 25.417427 25.284243 26.368550 27.776445
3.500000 23.165336 23.998712 25.523498 25.405900 26.512848 27.913379
3.520000 23.273104 24.155458 25.612575 25.529364 26.618243 28.008656
3.540000 23.376320 24.276727 25.726681 25.648476 26.726171 28.127031
3.580000 23.629569 24.556001 25.969978 25.892972 26.951681 28.377649
3.620000 23.842745 24.858571 26.230689 26.130885 27.150435 28.571296
3.660000 24.068945 25.156924 26.470977 26.379060 27.386412 28.768208
3.700000 24.265015 25.468926 26.699053 26.625257 27.639645 28.963202
3.720000 24.375102 25.625094 26.837076 26.752705 27.752747 29.115149
3.780000 24.729836 26.066267 27.175932 27.117770 28.059085 29.412978
3.840000 25.119967 26.462991 27.502233 27.482884 28.470858 29.833030
3.860000 25.211047 26.590193 27.619170 27.605616 28.612149 29.980363
3.880000 25.305758 26.720827 27.725498 27.724167 28.755432 30.077939
3.900000 25.474149 26.864523 27.842844 27.849175 28.891979 30.210072
3.940000 25.763756 27.093205 28.103464 28.104160 29.149539 30.428633
3.980000 26.102451 27.369360 28.317897 28.357228 29.433354 30.642146
4.020000 26.387655 27.611838 28.586639 28.618879 29.667301 30.918216
4.060000 26.791605 27.846443 28.865381 28.887660 29.919149 31.196351
4.100000 27.151427 28.082306 29.112265 29.141641 30.151465 31.456395
4.140000 27.377258 28.317116 29.393393 29.398635 30.396732 31.675022
4.160000 27.517343 28.452175 29.530134 29.539111 30.526372 31.786282
4.200000 27.806758 28.790874 29.823466 29.821067 30.801504 31.997616
4.240000 28.095238 29.149491 30.113870 30.124380 31.106688 32.249098
4.300000 28.629152 29.618688 30.594137 30.603148 31.593611 32.608177
4.380000 29.443671 30.342600 31.296557 31.297864 32.231538 33.236995
4.460000 30.316558 31.092819 32.106888 32.069262 32.985774 33.801521
4.480000 30.442297 31.282326 32.282103 32.234895 33.125277 33.936681
4.500000 30.596157 31.480756 32.433993 32.397778 33.279162 34.013710
4.520000 30.802389 31.664742 32.594135 32.563237 33.436605 34.133129
4.580000 31.411823 32.346561 33.148138 33.099318 33.869052 34.489200
4.620000 32.016758 32.728683 33.521466 33.463181 34.165788 34.753663
4.660000 32.492337 33.119326 33.846291 33.808969 34.451825 35.020046
