0.000000 3.309606 0.160608
0.100000 3.308890 0.157737
0.200000 3.308748 0.155029
0.300000 3.308934 0.152461
0.400000 3.309345 0.150173
0.500000 3.310112 0.148324
0.600000 3.311220 0.146897
0.700000 3.311822 0.146058
0.800000 3.312161 0.145986
0.900000 3.312169 0.145772
1.000000 3.311792 0.145769
1.100000 3.311065 0.145768
1.200000 3.310112 0.146121
1.300000 3.308998 0.146591
1.400000 3.307842 0.147111
1.500000 3.306510 0.147642
1.600000 3.304876 0.148068
1.700000 3.303145 0.148495
1.800000 3.301339 0.148852
1.900000 3.299546 0.149098
2.000000 3.297985 0.149286
2.100000 3.296712 0.149417
2.200000 3.296028 0.149612
2.300000 3.295904 0.149805
2.400000 3.296277 0.149940
2.500000 3.297093 0.150042
2.600000 3.298293 0.150083
2.700000 3.299748 0.150111
2.800000 3.301175 0.150074
2.900000 3.302408 0.150039
3.000000 3.303173 0.150021
3.100000 3.303368 0.149958
3.200000 3.302707 0.149982
3.300000 3.301332 0.150033
3.400000 3.299368 0.150106
3.500000 3.297031 0.150206
3.600000 3.294519 0.150286
3.700000 3.291951 0.150449
3.800000 3.289793 0.150632
3.900000 3.288354 0.150873
4.000000 3.287830 0.151144
4.100000 3.288333 0.151398
4.200000 3.290398 0.151741
4.300000 3.293601 0.152075
4.400000 3.297691 0.152399
4.500000 3.302351 0.152676
4.600000 3.307300 0.152871
4.700000 3.312264 0.153112
4.800000 3.316796 0.153312
4.900000 3.320620 0.153476
5.000000 3.323990 0.153674
5.100000 3.327154 0.153900
5.200000 3.329882 0.154233
5.300000 3.332425 0.154573
5.400000 3.335084 0.154913
5.500000 3.337496 0.155197
5.600000 3.339293 0.155404
5.700000 3.340394 0.155611
5.800000 3.341300 0.155819
5.900000 3.341740 0.156059
6.000000 3.342022 0.156347
6.100000 3.342251 0.156619
6.200000 3.342791 0.156894
6.300000 3.343444 0.157138
6.400000 3.344652 0.157341
6.500000 3.346363 0.157502
6.600000 3.348586 0.157614
6.700000 3.351378 0.157778
6.800000 3.354480 0.157988
6.900000 3.357624 0.158190
7.000000 3.360915 0.158398
7.100000 3.364286 0.158533
7.200000 3.367692 0.158711
7.300000 3.371234 0.158886
7.400000 3.375042 0.159110
7.500000 3.379005 0.159415
7.600000 3.383235 0.159754
7.700000 3.388253 0.160254
7.800000 3.394057 0.160892
7.900000 3.401141 0.161715
8.000000 3.409806 0.162651
8.100000 3.419835 0.163679
8.200000 3.431712 0.164724
8.300000 3.444818 0.165629
8.400000 3.458354 0.166238
8.500000 3.471683 0.166449
8.600000 3.484841 0.166111
8.700000 3.496568 0.165284
8.800000 3.506810 0.164252
8.900000 3.515310 0.162925
9.000000 3.522258 0.161530
9.100000 3.527578 0.160129
9.200000 3.530967 0.158654
9.300000 3.533101 0.157185
9.400000 3.534176 0.155926
9.500000 3.534576 0.154874
9.600000 3.534957 0.154010
9.700000 3.535409 0.153437
9.800000 3.536447 0.153042
9.900000 3.538480 0.152782
10.000000 3.541602 0.152630
10.100000 3.545484 0.152497
10.200000 3.551153 0.152460
10.300000 3.557851 0.152441
10.400000 3.565560 0.152286
10.500000 3.574174 0.151973
10.600000 3.583504 0.151408
10.700000 3.593298 0.150855
10.800000 3.603563 0.150321
10.900000 3.614765 0.149735
11.000000 3.627058 0.149147
11.100000 3.640275 0.148541
11.200000 3.655393 0.147954
11.300000 3.671901 0.147281
11.400000 3.689407 0.146593
11.500000 3.707541 0.145996
11.600000 3.726134 0.145479
11.700000 3.744933 0.145190
11.800000 3.764192 0.145014
11.900000 3.784044 0.144958
12.000000 3.804909 0.145012
12.100000 3.826670 0.145045
12.200000 3.849763 0.145174
12.300000 3.874114 0.145265
12.400000 3.899537 0.145321
12.500000 3.925295 0.145356
12.600000 3.951262 0.145442
12.700000 3.976655 0.145741
12.800000 4.001220 0.146291
12.900000 4.024311 0.146817
13.000000 4.045707 0.146792
13.100000 4.065355 0.146169
13.200000 4.082637 0.145067
13.300000 4.097591 0.144245
13.400000 4.109832 0.143234
13.500000 4.119350 0.141859
13.600000 4.127187 0.140729
13.700000 4.132945 0.140134
13.800000 4.137520 0.139594
13.900000 4.142246 0.139149
14.000000 4.148147 0.139002
14.100000 4.154911 0.139172
14.200000 4.163752 0.139473
14.300000 4.174252 0.139433
14.400000 4.186445 0.139336
14.500000 4.200499 0.139338
14.600000 4.216391 0.139328
14.700000 4.234907 0.139818
14.800000 4.256145 0.140589
14.900000 4.280231 0.141522
15.000000 4.307356 0.142351
15.100000 4.337015 0.142921
15.200000 4.369734 0.143031
15.300000 4.404682 0.142951
15.400000 4.441345 0.143244
15.500000 4.479413 0.144104
15.600000 4.518617 0.143927
15.700000 4.559331 0.142435
15.800000 4.600938 0.142074
15.900000 4.642990 0.141443
16.000000 4.684161 0.140236
16.100000 4.724183 0.138296
16.200000 4.761695 0.136673
16.300000 4.796874 0.135435
16.400000 4.829687 0.134540
16.500000 4.860703 0.134095
16.600000 4.890007 0.133860
16.700000 4.917372 0.133692
16.800000 4.943394 0.133093
16.900000 4.968130 0.132372
17.000000 4.991384 0.132032
17.100000 5.013326 0.131754
17.200000 5.032667 0.131602
17.300000 5.049307 0.131352
17.400000 5.062581 0.131054
17.500000 5.072305 0.130888
17.600000 5.079090 0.130783
17.700000 5.083259 0.130841
17.800000 5.085981 0.131022
17.900000 5.089008 0.131377
18.000000 5.093365 0.132315
18.100000 5.099470 0.132798
18.200000 5.107406 0.132721
18.300000 5.116293 0.132738
18.400000 5.124701 0.132801
18.500000 5.131453 0.132038
18.600000 5.135774 0.130978
18.700000 5.136279 0.129700
18.800000 5.133843 0.129236
18.900000 5.128795 0.129146
19.000000 5.121615 0.129581
19.100000 5.113315 0.129842
19.200000 5.105286 0.129679
19.300000 5.097557 0.129417
19.400000 5.091073 0.129450
19.500000 5.086422 0.129581
19.600000 5.083446 0.129518
19.700000 5.081501 0.129505
19.800000 5.080508 0.129493
19.900000 5.079814 0.129405
20.000000 5.078988 0.129191
20.100000 5.077770 0.128803
20.200000 5.076262 0.128560
20.300000 5.074492 0.128327
20.400000 5.072495 0.128209
20.500000 5.070338 0.128233
20.600000 5.068048 0.128264
20.700000 5.065728 0.128341
20.800000 5.063421 0.128226
20.900000 5.061109 0.127932
21.000000 5.058869 0.127605
21.100000 5.056811 0.127233
21.200000 5.054701 0.127003
21.300000 5.052421 0.126804
21.400000 5.049729 0.126697
21.500000 5.046442 0.126703
21.600000 5.042552 0.126684
21.700000 5.037972 0.126814
21.800000 5.032788 0.126940
21.900000 5.027023 0.127120
22.000000 5.020651 0.127441
22.100000 5.013970 0.127792
22.200000 5.006945 0.128372
22.300000 4.999208 0.128988
22.400000 4.991509 0.129496
22.500000 4.983936 0.129982
22.600000 4.976090 0.130328
22.700000 4.967848 0.130641
22.800000 4.959664 0.130747
22.900000 4.951166 0.130627
23.000000 4.942129 0.130462
23.100000 4.932704 0.130293
23.200000 4.922893 0.130235
23.300000 4.913088 0.130178
23.400000 4.903086 0.130089
23.500000 4.893800 0.129949
23.600000 4.885514 0.129695
23.700000 4.879566 0.129405
23.800000 4.876175 0.128880
23.900000 4.876085 0.128287
24.000000 4.879541 0.128546
24.100000 4.886212 0.129262
24.200000 4.896191 0.129339
24.300000 4.907925 0.129394
24.400000 4.920234 0.129226
24.500000 4.931038 0.128894
24.600000 4.939565 0.128592
24.700000 4.944041 0.128433
24.800000 4.945010 0.128372
24.900000 4.942812 0.128271
25.000000 4.938942 0.128093
25.100000 4.934194 0.127823
25.200000 4.929436 0.127753
25.300000 4.924988 0.127700
25.400000 4.920971 0.127736
25.500000 4.916949 0.127902
25.600000 4.912982 0.128103
25.700000 4.908745 0.128506
25.800000 4.904844 0.128869
25.900000 4.901706 0.129158
26.000000 4.899770 0.129512
26.100000 4.898835 0.129915
26.200000 4.899527 0.130461
26.300000 4.900395 0.130854
26.400000 4.900057 0.131132
26.500000 4.897726 0.131562
26.600000 4.893032 0.132472
26.700000 4.884400 0.133626
26.800000 4.873122 0.134540
26.900000 4.860041 0.135277
27.000000 4.845419 0.135746
27.100000 4.830446 0.135852
27.200000 4.815840 0.135752
27.300000 4.801632 0.135289
27.400000 4.788866 0.134512
27.500000 4.778031 0.133820
27.600000 4.768683 0.133158
27.700000 4.761564 0.132710
27.800000 4.756040 0.132383
27.900000 4.751319 0.132131
28.000000 4.747210 0.132014
28.100000 4.743361 0.131917
28.200000 4.739288 0.131984
28.300000 4.734751 0.132355
28.400000 4.728931 0.134166
28.500000 4.721348 0.135269
28.600000 4.712439 0.134218
28.700000 4.701475 0.133054
28.800000 4.689814 0.132430
28.900000 4.679523 0.131946
29.000000 4.671578 0.131533
29.100000 4.666356 0.131303
29.200000 4.666681 0.131520
29.300000 4.671371 0.132175
29.400000 4.679374 0.132917
29.500000 4.690178 0.133189
29.600000 4.702092 0.133016
29.700000 4.712911 0.132785
29.800000 4.721820 0.132567
29.900000 4.727918 0.132565
30.000000 4.730896 0.132803
30.100000 4.731183 0.133014
30.200000 4.728835 0.133219
30.300000 4.725197 0.133537
30.400000 4.720936 0.134287
30.500000 4.716396 0.134972
30.600000 4.712712 0.135218
30.700000 4.710524 0.135036
30.800000 4.709673 0.134697
30.900000 4.710499 0.134697
31.000000 4.713061 0.135032
31.100000 4.716572 0.135186
31.200000 4.721121 0.135100
31.300000 4.725799 0.134606
31.400000 4.730058 0.134075
31.500000 4.733599 0.133697
31.600000 4.736298 0.133300
31.700000 4.737078 0.132893
31.800000 4.736720 0.132401
31.900000 4.734917 0.132126
32.000000 4.731597 0.131936
32.100000 4.726897 0.131753
32.200000 4.721183 0.131618
32.300000 4.714765 0.131391
32.400000 4.708441 0.130975
32.500000 4.702694 0.130326
32.600000 4.698033 0.129606
32.700000 4.694863 0.129011
32.800000 4.692388 0.128633
32.900000 4.690247 0.128403
33.000000 4.687317 0.128465
33.100000 4.683324 0.128405
33.200000 4.677528 0.128103
33.300000 4.670467 0.127903
33.400000 4.662223 0.127817
33.500000 4.654027 0.127746
33.600000 4.645929 0.127552
33.700000 4.638478 0.127419
33.800000 4.631825 0.127163
33.900000 4.625936 0.126888
34.000000 4.620536 0.126668
34.100000 4.615544 0.126398
34.200000 4.610990 0.126334
34.300000 4.606528 0.126359
34.400000 4.601973 0.126391
34.500000 4.597249 0.126524
34.600000 4.592204 0.126694
34.700000 4.585651 0.127268
34.800000 4.577521 0.128768
34.900000 4.566959 0.130919
35.000000 4.553229 0.132572
35.100000 4.537062 0.133932
35.200000 4.518819 0.134390
35.300000 4.500130 0.134176
35.400000 4.483775 0.132982
35.500000 4.470993 0.131524
35.600000 4.461361 0.130148
35.700000 4.457763 0.129256
35.800000 4.458457 0.128835
35.900000 4.462073 0.129064
36.000000 4.468345 0.129323
36.100000 4.476385 0.129084
36.200000 4.483274 0.128658
36.300000 4.488520 0.128194
36.400000 4.490792 0.127886
36.500000 4.489607 0.127749
36.600000 4.485541 0.127993
36.700000 4.478462 0.128624
36.800000 4.469246 0.129313
36.900000 4.458731 0.130034
37.000000 4.447010 0.130675
37.100000 4.434521 0.131099
37.200000 4.421949 0.131338
37.300000 4.409604 0.131392
37.400000 4.397684 0.131244
37.500000 4.386358 0.130987
37.600000 4.376119 0.130536
37.700000 4.367433 0.130129
37.800000 4.360422 0.129801
37.900000 4.355588 0.129624
38.000000 4.353271 0.129625
38.100000 4.353052 0.129835
38.200000 4.355746 0.130374
38.300000 4.361004 0.131177
38.400000 4.368715 0.132176
38.500000 4.378967 0.133261
38.600000 4.391179 0.134452
38.700000 4.406214 0.135631
38.800000 4.422926 0.136569
38.900000 4.440718 0.137322
39.000000 4.459501 0.137786
39.100000 4.478842 0.137852
39.200000 4.497955 0.137796
39.300000 4.516809 0.137468
39.400000 4.535250 0.137085
39.500000 4.553019 0.136710
39.600000 4.569861 0.136173
39.700000 4.585143 0.135602
39.800000 4.599091 0.134966
39.900000 4.611842 0.134338
40.000000 4.622822 0.133659
40.100000 4.632291 0.132901
40.200000 4.639732 0.132286
40.300000 4.645702 0.131802
40.400000 4.650328 0.131502
40.500000 4.653360 0.131364
40.600000 4.655155 0.131297
40.700000 4.655840 0.131400
40.800000 4.655402 0.131528
40.900000 4.653585 0.131687
41.000000 4.651239 0.131812
41.100000 4.648718 0.131936
41.200000 4.646326 0.132155
41.300000 4.644668 0.132469
41.400000 4.643702 0.132975
41.500000 4.643883 0.133580
41.600000 4.645239 0.134135
41.700000 4.648194 0.134743
41.800000 4.651766 0.135231
41.900000 4.656897 0.135453
42.000000 4.662330 0.135360
42.100000 4.667123 0.135043
42.200000 4.669917 0.134668
42.300000 4.670749 0.134475
42.400000 4.668972 0.134467
42.500000 4.664703 0.134562
42.600000 4.658512 0.134787
42.700000 4.650265 0.135256
42.800000 4.640877 0.135894
42.900000 4.630903 0.136233
43.000000 4.620926 0.136410
43.100000 4.611859 0.136780
43.200000 4.604442 0.137368
43.300000 4.599077 0.137633
43.400000 4.595323 0.137785
43.500000 4.593695 0.137970
43.600000 4.593940 0.138054
43.700000 4.596548 0.138129
43.800000 4.600398 0.138208
43.900000 4.604927 0.138344
44.000000 4.609941 0.138432
44.100000 4.614744 0.138418
44.200000 4.619301 0.138460
44.300000 4.623185 0.138509
44.400000 4.626800 0.138499
44.500000 4.629451 0.138608
44.600000 4.630960 0.138807
44.700000 4.630667 0.139223
44.800000 4.629045 0.139817
44.900000 4.625801 0.140619
45.000000 4.620651 0.141603
45.100000 4.614071 0.142659
45.200000 4.605438 0.143692
45.300000 4.595210 0.144624
45.400000 4.583985 0.145392
45.500000 4.572501 0.146076
45.600000 4.560882 0.146593
45.700000 4.549082 0.146961
45.800000 4.536941 0.147295
45.900000 4.524097 0.147709
46.000000 4.510836 0.148223
46.100000 4.497272 0.148811
46.200000 4.483551 0.149528
46.300000 4.470440 0.150092
46.400000 4.458398 0.150383
46.500000 4.446765 0.150826
46.600000 4.435503 0.151331
46.700000 4.425968 0.151710
46.800000 4.418389 0.151751
46.900000 4.412327 0.151686
47.000000 4.407398 0.151721
47.100000 4.404045 0.151980
47.200000 4.402143 0.152127
47.300000 4.401222 0.152473
47.400000 4.401491 0.153285
47.500000 4.403411 0.154532
47.600000 4.406948 0.156130
47.700000 4.411455 0.157449
47.800000 4.415638 0.158743
47.900000 4.419672 0.159976
48.000000 4.424674 0.160886
48.100000 4.429572 0.161708
48.200000 4.434644 0.162416
48.300000 4.439933 0.162900
48.400000 4.444959 0.163417
48.500000 4.449499 0.163933
48.600000 4.453541 0.164618
48.700000 4.457563 0.165431
48.800000 4.461805 0.166315
48.900000 4.466379 0.167231
49.000000 4.470290 0.168501
49.100000 4.473730 0.170048
49.200000 4.476421 0.171949
49.300000 4.478362 0.174077
49.400000 4.479727 0.176321
49.500000 4.480615 0.178627
49.600000 4.481199 0.180965
49.700000 4.481249 0.183382
49.800000 4.481169 0.185809
49.900000 4.481047 0.188178
50.000000 4.480948 0.190485
50.100000 4.480861 0.192790
50.200000 4.480786 0.195096
50.300000 4.480659 0.197405
50.400000 4.480420 0.199719
50.500000 4.480150 0.202026
50.600000 4.479849 0.204312
50.700000 4.479493 0.206592
50.800000 4.479137 0.208849
50.900000 4.478715 0.211105
51.000000 4.478241 0.213347
51.100000 4.477767 0.215555
51.200000 4.477294 0.217729
51.300000 4.476821 0.219867
51.400000 4.476316 0.221983
51.500000 4.475787 0.224067
51.600000 4.475250 0.226128
51.700000 4.474699 0.228171
51.800000 4.474150 0.230189
51.900000 4.473601 0.232184
52.000000 4.473053 0.234157
52.100000 4.472505 0.236109
52.200000 4.471958 0.238042
52.300000 4.471412 0.239957
52.400000 4.470866 0.241853
52.500000 4.470321 0.243732
52.600000 4.469777 0.245593
52.700000 4.469233 0.247438
52.800000 4.468690 0.249265
52.900000 4.468148 0.251076
53.000000 4.467606 0.252870
53.100000 4.467065 0.254647
53.200000 4.466525 0.256409
53.300000 4.465985 0.258155
53.400000 4.465446 0.259885
53.500000 4.464907 0.261599
53.600000 4.464369 0.263299
53.700000 4.463832 0.264983
53.800000 4.463296 0.266653
53.900000 4.462760 0.268308
54.000000 4.462224 0.269949
54.100000 4.461690 0.271576
54.200000 4.461156 0.273189
54.300000 4.460622 0.274788
54.400000 4.460090 0.276375
54.500000 4.459558 0.277948
54.600000 4.459026 0.279509
54.700000 4.458495 0.281056
54.800000 4.457965 0.282592
54.900000 4.457436 0.284115
55.000000 4.456907 0.285626
55.100000 4.456378 0.287125
55.200000 4.455851 0.288613
55.300000 4.455324 0.290089
55.400000 4.454797 0.291554
55.500000 4.454272 0.293008
55.600000 4.453746 0.294451
55.700000 4.453222 0.295883
55.800000 4.452698 0.297304
55.900000 4.452175 0.298716
56.000000 4.451652 0.300117
56.100000 4.451130 0.301507
56.200000 4.450609 0.302888
56.300000 4.450088 0.304259
56.400000 4.449568 0.305621
56.500000 4.449048 0.306973
56.600000 4.448529 0.308316
56.700000 4.448011 0.309649
56.800000 4.447493 0.310973
56.900000 4.446976 0.312289
57.000000 4.446460 0.313595
57.100000 4.445944 0.314893
57.200000 4.445429 0.316183
57.300000 4.444914 0.317463
57.400000 4.444400 0.318736
57.500000 4.443887 0.320000
57.600000 4.443374 0.321256
57.700000 4.442862 0.322504
57.800000 4.442351 0.323745
57.900000 4.441840 0.324977
58.000000 4.441330 0.326202
58.100000 4.440820 0.327419
58.200000 4.440311 0.328628
58.300000 4.439802 0.329831
58.400000 4.439295 0.331025
58.500000 4.438787 0.332213
58.600000 4.438281 0.333394
58.700000 4.437775 0.334567
58.800000 4.437269 0.335733
58.900000 4.436764 0.336893
59.000000 4.436260 0.338045
59.100000 4.435757 0.339191
59.200000 4.435254 0.340331
59.300000 4.434751 0.341463
59.400000 4.434249 0.342590
59.500000 4.433748 0.343709
59.600000 4.433248 0.344823
59.700000 4.432748 0.345930
59.800000 4.432248 0.347031
59.900000 4.431749 0.348125
60.000000 4.431251 0.349214
