depth(m) lower_95(kyr) lower_68(kyr) median(kyr) mean(kyr) upper_68(kyr) upper_95(kyr)
0.010000 0.529450 0.683208 0.893897 0.896116 1.097719 1.297334
0.155000 0.765023 0.962408 1.168218 1.173579 1.381448 1.623677
0.300000 1.076208 1.241620 1.456874 1.477981 1.713233 1.996556
0.445000 1.418657 1.675584 2.090273 2.059711 2.389337 2.668007
0.590000 2.283538 2.455101 2.624423 2.627511 2.804403 2.997369
0.650000 2.398425 2.571598 2.740846 2.747768 2.928450 3.102492
0.750000 2.689663 2.880950 3.132469 3.152810 3.444721 3.670400
0.850000 3.138107 3.357132 3.576668 3.581580 3.806419 4.027556
0.935000 3.592647 3.795832 4.067605 4.061609 4.326197 4.559296
1.020000 4.188788 4.327759 4.540088 4.543032 4.762403 4.901755
1.030000 4.203736 4.344913 4.555070 4.560287 4.781498 4.917522
1.130000 4.599930 4.798221 5.008051 5.013222 5.220993 5.420413
1.270000 5.620843 5.838471 6.069258 6.081519 6.324482 6.566196
1.410000 6.714534 6.896748 7.135789 7.148725 7.402834 7.684514
1.550000 7.803344 7.991449 8.196572 8.197096 8.396951 8.594166
1.650000 8.273236 8.560339 8.842434 8.829146 9.093927 9.329819
1.750000 8.937684 9.214085 9.490090 9.471769 9.723516 9.940296
1.885000 9.595714 10.032474 10.377523 10.355258 10.682467 10.956734
2.020000 10.441570 10.859368 11.295201 11.253942 11.621724 11.939858
2.155000 10.817831 11.261534 11.719379 11.722339 12.171134 12.607390
2.290000 11.277376 11.735089 12.195188 12.206712 12.680304 13.165556
2.425000 11.682261 12.205431 12.678021 12.671660 13.163621 13.568465
2.560000 12.226755 12.683207 13.141419 13.126229 13.562394 13.905863
2.695000 12.776725 13.208255 13.627691 13.591894 13.940990 14.233021
2.830000 13.638504 13.811648 14.025058 14.036353 14.252006 14.543765
2.962500 13.847082 14.075990 14.332220 14.365312 14.670504 15.050926
3.095000 14.101014 14.350285 14.652027 14.695589 15.057464 15.443308
3.227500 14.364091 14.629334 14.996484 15.016945 15.412909 15.775294
3.360000 14.563634 14.912243 15.334658 15.328308 15.715934 16.127698
3.492500 14.862016 15.249614 15.666392 15.644304 16.020651 16.375992
3.625000 15.201301 15.583939 15.957738 15.946101 16.296753 16.617568
3.757500 15.512257 15.934524 16.251145 16.236438 16.576992 16.820866
3.890000 15.907884 16.228061 16.510419 16.497655 16.780824 17.014223
4.028182 16.115115 16.420136 16.687112 16.680540 16.959121 17.199651
4.166364 16.276934 16.593477 16.856176 16.844097 17.110702 17.355323
4.304545 16.445910 16.752374 17.007054 16.998246 17.247917 17.478857
4.442727 16.587306 16.897822 17.152685 17.139667 17.390759 17.593393
4.580909 16.742857 17.043563 17.299074 17.277900 17.515426 17.706947
4.719091 16.934436 17.178858 17.423228 17.405935 17.645943 17.816376
4.857273 17.046091 17.307806 17.545314 17.530528 17.758408 17.929475
4.995455 17.187700 17.430462 17.671596 17.650412 17.857757 18.034517
5.133636 17.300450 17.563362 17.782109 17.768556 17.969221 18.123922
5.271818 17.407701 17.697607 17.908970 17.884338 18.069450 18.246692
5.410000 17.524975 17.813542 18.019210 17.998159 18.178169 18.346218
5.547500 17.666287 17.922302 18.122922 18.105250 18.282743 18.476253
5.685000 17.779573 18.019723 18.226736 18.215092 18.401903 18.595473
5.822500 17.872995 18.131354 18.331645 18.322784 18.510793 18.704447
5.960000 17.973391 18.240037 18.445332 18.431659 18.620976 18.804193
6.097500 18.077913 18.346734 18.548171 18.538156 18.731525 18.900180
6.235000 18.227901 18.469610 18.653025 18.646619 18.833093 19.015113
6.372500 18.332472 18.567528 18.764154 18.751837 18.937758 19.108201
6.510000 18.489196 18.677114 18.870233 18.859445 19.043057 19.205806
6.643333 18.585597 18.781725 18.974805 18.964128 19.142621 19.304458
6.776667 18.699495 18.889714 19.071064 19.066205 19.242600 19.384023
6.910000 18.802549 18.999871 19.178931 19.169002 19.341775 19.486006
7.043333 18.910583 19.108407 19.279402 19.270130 19.443167 19.566631
7.176667 19.012377 19.207756 19.377301 19.368516 19.528573 19.655364
7.310000 19.102762 19.314513 19.475121 19.466735 19.625083 19.738026
7.443333 19.215623 19.406109 19.565036 19.560871 19.719007 19.834030
7.576667 19.311337 19.504348 19.663270 19.652754 19.799502 19.928808
7.710000 19.415166 19.595181 19.759635 19.746248 19.892366 20.029240
7.843333 19.505540 19.686150 19.846628 19.837907 19.985079 20.118483
7.976667 19.609613 19.787996 19.938455 19.927393 20.065192 20.204662
8.110000 19.717403 19.871931 20.021100 20.014901 20.148636 20.301371
8.243333 19.817108 19.967902 20.104245 20.103002 20.244976 20.390151
8.376667 19.894966 20.050471 20.189966 20.189701 20.323391 20.467262
8.510000 19.981895 20.136764 20.281668 20.273992 20.408280 20.550986
8.653571 20.067744 20.212698 20.366016 20.360297 20.497431 20.629630
8.797143 20.144665 20.297077 20.454119 20.447539 20.588693 20.741713
8.940714 20.230868 20.380454 20.533756 20.533851 20.684149 20.855997
9.084286 20.310774 20.460106 20.619835 20.619846 20.781238 20.952126
9.227857 20.395863 20.544232 20.701361 20.705942 20.867386 21.053597
9.371429 20.473390 20.621189 20.791731 20.791639 20.959685 21.145320
9.515000 20.542605 20.702776 20.877634 20.878107 21.055650 21.246689
9.658571 20.614491 20.779421 20.955949 20.960763 21.139030 21.356606
9.802143 20.694129 20.862924 21.042929 21.045904 21.228920 21.439090
9.945714 20.777518 20.941434 21.139179 21.132104 21.313449 21.520381
10.089286 20.855833 21.027848 21.223157 21.218062 21.404597 21.621653
10.232857 20.945984 21.108278 21.302288 21.302587 21.491252 21.701092
10.376429 21.025236 21.191760 21.389219 21.388025 21.585518 21.787526
10.520000 21.096232 21.273313 21.473089 21.472608 21.668780 21.885284
10.658889 21.176507 21.349932 21.560065 21.558146 21.762428 21.984083
10.797778 21.247737 21.444827 21.638224 21.642689 21.853225 22.059710
10.936667 21.331514 21.527630 21.731309 21.730413 21.927525 22.156438
11.075556 21.405351 21.617810 21.810883 21.815428 22.011457 22.256598
11.214444 21.497536 21.701735 21.899891 21.902003 22.106253 22.348093
11.353333 21.594845 21.791794 21.985715 21.988222 22.182015 22.430724
11.492222 21.695589 21.879908 22.062867 22.073378 22.269104 22.502268
11.631111 21.771885 21.964518 22.148086 22.159757 22.357310 22.565401
11.770000 21.856033 22.055360 22.235542 22.245741 22.435690 22.670734
11.908889 21.960160 22.139262 22.317073 22.331012 22.518107 22.762356
12.047778 22.044442 22.227160 22.406984 22.418321 22.607846 22.831090
12.186667 22.133767 22.315116 22.488596 22.502422 22.697201 22.925467
12.325556 22.226780 22.398171 22.578146 22.587930 22.779727 23.020426
12.464444 22.317729 22.490165 22.670151 22.675384 22.857137 23.112761
12.603333 22.410683 22.577632 22.749214 22.761353 22.945331 23.180786
12.742222 22.497272 22.662124 22.833855 22.847316 23.033964 23.254931
12.881111 22.603464 22.751139 22.923258 22.934021 23.129609 23.325691
13.020000 22.681780 22.842729 23.003539 23.021601 23.213183 23.437377
13.155000 22.778393 22.930095 23.092866 23.110300 23.304177 23.519008
13.290000 22.837586 23.013741 23.175180 23.194091 23.391869 23.609621
13.425000 22.924489 23.093609 23.257228 23.277213 23.471284 23.699007
13.560000 23.004497 23.170761 23.334942 23.359202 23.565108 23.799276
13.695000 23.100734 23.246703 23.423558 23.444595 23.643822 23.883100
13.830000 23.179560 23.343891 23.516088 23.532416 23.733130 23.964826
13.965000 23.259944 23.429963 23.607226 23.620070 23.814051 24.058237
14.100000 23.336798 23.509460 23.696453 23.708466 23.898803 24.160597
14.235000 23.401651 23.603641 23.785294 23.797171 23.991702 24.234608
14.370000 23.498243 23.689714 23.880462 23.890105 24.090082 24.325347
14.505000 23.583751 23.791437 23.978838 23.983511 24.175295 24.399978
14.650263 23.656153 23.891605 24.087882 24.088115 24.283142 24.518051
14.795526 23.772100 23.997469 24.185190 24.195245 24.389154 24.650874
14.940789 23.857475 24.103049 24.294636 24.305608 24.502533 24.801205
15.086053 23.977743 24.205018 24.410606 24.413938 24.619678 24.898246
15.231316 24.097031 24.306300 24.523051 24.527308 24.734420 25.018139
15.376579 24.212785 24.425425 24.639641 24.643821 24.863026 25.117805
15.521842 24.333755 24.539153 24.762741 24.764845 24.990881 25.226070
15.667105 24.446930 24.659865 24.884067 24.885951 25.111115 25.367895
15.812368 24.559601 24.779906 25.011790 25.007030 25.234782 25.497689
15.957632 24.673146 24.909973 25.129669 25.131293 25.363344 25.593390
16.102895 24.787273 25.016246 25.258308 25.252503 25.474616 25.738048
16.248158 24.928567 25.144947 25.371798 25.376995 25.595569 25.853866
16.393421 25.057988 25.278445 25.498044 25.505455 25.731989 25.964246
16.538684 25.174915 25.402043 25.622768 25.631280 25.871181 26.090399
16.683947 25.322701 25.523936 25.748333 25.758655 26.002449 26.228924
16.829211 25.457083 25.662764 25.880335 25.890119 26.140633 26.354189
16.974474 25.585038 25.792071 26.017579 26.023425 26.259308 26.483999
17.119737 25.747384 25.936884 26.161735 26.161224 26.389071 26.604229
17.265000 25.891848 26.083854 26.307141 26.302505 26.518603 26.726111
17.381250 26.022476 26.204365 26.424640 26.419952 26.629999 26.827509
17.497500 26.118376 26.338860 26.542311 26.542189 26.743152 26.942995
17.613750 26.239611 26.477936 26.671082 26.675080 26.878326 27.073598
17.730000 26.391212 26.630947 26.817753 26.817291 27.011653 27.186824
17.859000 26.588497 26.823854 27.053530 27.068384 27.314578 27.636280
17.988000 26.828967 27.060125 27.317811 27.342252 27.637203 28.018356
18.117000 27.031934 27.314906 27.599049 27.618064 27.954489 28.252315
18.246000 27.297614 27.580887 27.900753 27.907109 28.230666 28.523533
18.375000 27.666421 27.904624 28.202293 28.208726 28.504963 28.805254
18.500000 27.897973 28.214269 28.600336 28.592384 28.951476 29.326635
18.625000 28.271367 28.577598 29.004061 29.011137 29.451825 29.814547
18.750000 28.594287 29.001581 29.440628 29.426821 29.839132 30.245344
18.875000 29.014257 29.441720 29.872354 29.850540 30.246603 30.548904
19.000000 29.642631 29.955573 30.269833 30.284247 30.634623 30.908649
19.130000 30.190664 30.619346 31.018803 31.034993 31.462874 31.838061
19.260000 30.898237 31.325778 31.824182 31.812805 32.289641 32.749904
19.390000 31.664036 32.035067 32.562096 32.567543 33.062026 33.579925
19.520000 32.327061 32.806219 33.317016 33.325516 33.858545 34.373517
19.650000 33.127329 33.576091 34.083441 34.087636 34.601162 35.114426
19.780000 33.908167 34.365461 34.845389 34.845876 35.323663 35.773176
19.910000 34.715527 35.137338 35.596405 35.595438 36.014272 36.431390
20.032500 35.305886 35.727112 36.232711 36.223599 36.696591 37.155266
20.155000 35.828346 36.322760 36.859648 36.848156 37.354341 37.910569
20.277500 36.394259 36.931853 37.470042 37.459781 37.977328 38.491367
20.400000 36.950364 37.523898 38.077581 38.059529 38.601946 39.039412
20.520000 37.424060 37.981130 38.568878 38.536143 39.091429 39.561434
20.640000 37.937743 38.482614 39.062732 39.022666 39.563707 39.995088
20.760000 38.505649 38.963179 39.508384 39.479641 39.994148 40.336877
20.880000 38.992475 39.474428 39.938466 39.919738 40.372963 40.729246
21.000000 39.565171 39.955331 40.364104 40.334578 40.702437 40.965472
21.134000 39.816416 40.223505 40.663265 40.639927 41.034480 41.401976
21.268000 40.038015 40.491147 40.937109 40.924812 41.354859 41.788386
21.402000 40.211171 40.698180 41.193608 41.181902 41.647726 42.112713
21.536000 40.398054 40.931880 41.412470 41.408216 41.897736 42.365744
21.670000 40.580735 41.104720 41.614537 41.605113 42.117632 42.670846
