depth(m) lower_95(kyr) lower_68(kyr) median(kyr) mean(kyr) upper_68(kyr) upper_95(kyr)
0.005000 0.955085 2.114920 3.401112 3.389057 4.628144 5.696197
0.012500 1.239525 2.280046 3.572365 3.544635 4.800303 5.798785
0.017500 1.354073 2.395659 3.682973 3.652092 4.898399 5.921176
0.022500 1.426744 2.510536 3.787146 3.758411 4.980288 6.010116
0.027500 1.529177 2.617143 3.887415 3.861717 5.091083 6.072774
0.032500 1.644009 2.711431 3.986523 3.966531 5.195902 6.126253
0.037500 1.815300 2.824206 4.085762 4.072526 5.335967 6.186595
0.042500 1.965467 2.953542 4.181463 4.176915 5.427074 6.263026
0.047500 2.050734 3.071994 4.298139 4.281463 5.527871 6.312450
0.052500 2.198093 3.200664 4.393208 4.384578 5.610785 6.387421
0.057500 2.313011 3.338616 4.485956 4.485725 5.693583 6.460083
0.062500 2.432602 3.482024 4.591747 4.593218 5.807329 6.530593
0.067500 2.506281 3.632248 4.680068 4.701708 5.907828 6.610887
0.072500 2.673860 3.756074 4.775542 4.809976 5.992331 6.688808
0.077500 2.835266 3.883762 4.864820 4.921509 6.060293 6.834264
0.085000 2.994492 4.064522 5.028577 5.103539 6.201000 7.072350
0.092500 3.219726 4.328349 5.214801 5.291696 6.328622 7.198145
0.097500 3.413250 4.443577 5.333752 5.406455 6.433645 7.321317
0.102500 3.500270 4.604461 5.460001 5.523141 6.564900 7.441334
0.105000 3.561271 4.671217 5.529470 5.581264 6.608360 7.516546
0.107500 3.600010 4.732553 5.591669 5.641917 6.661150 7.601554
0.112500 3.720464 4.877254 5.759018 5.784622 6.808134 7.699371
0.117500 3.789949 5.009746 5.933779 5.937554 6.924896 7.776426
0.122500 4.038879 5.163419 6.099241 6.096682 7.057588 7.906102
0.127500 4.269254 5.336806 6.266331 6.257216 7.185614 8.142352
0.132500 4.419834 5.525429 6.426291 6.426427 7.346122 8.333576
0.137500 4.528745 5.699917 6.579502 6.592512 7.523729 8.464627
0.142500 4.630623 5.869626 6.764347 6.762736 7.674028 8.655241
0.147500 4.770174 6.055845 6.946004 6.938713 7.864835 8.846367
0.152500 4.910222 6.219337 7.150616 7.118279 8.042036 9.023382
0.157500 5.100728 6.389882 7.356595 7.310791 8.237531 9.146544
0.165000 5.519745 6.698449 7.754567 7.696407 8.691102 9.627992
0.172500 5.896210 6.995285 8.166376 8.072967 9.070712 10.023143
0.177500 6.039096 7.152803 8.342026 8.246621 9.258732 10.193869
0.182500 6.235113 7.290619 8.504206 8.411270 9.461726 10.293265
0.187500 6.370225 7.432014 8.671215 8.569598 9.631576 10.434572
0.192500 6.529248 7.611599 8.843845 8.731825 9.781583 10.593667
0.202500 7.176197 8.204044 9.256902 9.181555 10.164395 10.923674
0.207500 7.370362 8.370807 9.444893 9.366836 10.316223 11.032646
0.222500 8.969225 9.774034 10.482611 10.450630 11.139185 11.757551
0.232500 9.461906 10.367771 11.054502 10.984238 11.616413 12.090022
0.237500 9.668853 10.577611 11.239693 11.173608 11.776186 12.239507
0.245000 10.151151 10.954019 11.547641 11.485044 12.041757 12.497793
0.252500 10.478554 11.273529 11.826996 11.788138 12.307825 12.741507
0.257500 10.722716 11.422140 11.989801 11.941860 12.469375 12.877815
0.262500 10.893765 11.569487 12.114063 12.073690 12.584639 12.999708
0.267500 11.068723 11.713302 12.263574 12.214926 12.731759 13.103840
0.272500 11.220806 11.869724 12.392633 12.345010 12.839507 13.232747
0.277500 11.427062 11.967367 12.505615 12.462735 12.946326 13.362111
0.282500 11.588980 12.082431 12.605126 12.572106 13.053854 13.459585
0.287500 11.757191 12.199675 12.719623 12.681471 13.163890 13.529545
0.292500 11.906640 12.320039 12.817880 12.788372 13.268542 13.648625
0.297500 12.026061 12.426093 12.912396 12.889252 13.369628 13.741136
0.302500 12.105910 12.505742 12.997133 12.983943 13.468722 13.829273
0.307500 12.214909 12.586154 13.077631 13.073089 13.555230 13.920917
0.312500 12.317877 12.671604 13.162322 13.157266 13.627245 13.995650
0.317500 12.392003 12.750733 13.244578 13.240311 13.696044 14.075160
0.325000 12.489065 12.871314 13.348993 13.350359 13.804204 14.173563
0.332500 12.595884 12.992570 13.455350 13.461013 13.915598 14.290483
0.337500 12.676631 13.073944 13.528946 13.533806 14.005961 14.350058
0.342500 12.734811 13.155193 13.601094 13.608319 14.070066 14.416957
0.347500 12.804805 13.237055 13.673327 13.682191 14.138570 14.477826
0.352500 12.877339 13.311503 13.752106 13.754201 14.194864 14.550819
0.357500 12.945968 13.398225 13.827865 13.828223 14.273591 14.653887
0.362500 13.018210 13.485021 13.905451 13.902588 14.358458 14.735249
0.367500 13.081986 13.564666 13.988388 13.981057 14.431536 14.807647
0.372500 13.160221 13.624440 14.069448 14.057413 14.508345 14.870709
0.377500 13.201211 13.700122 14.155687 14.139401 14.598596 14.969452
0.382500 13.293155 13.776812 14.229931 14.214484 14.667951 15.040807
0.387500 13.368440 13.855595 14.304163 14.287100 14.741711 15.104818
0.392500 13.447734 13.924451 14.380030 14.361942 14.817838 15.177776
0.397500 13.518402 13.994217 14.451558 14.431840 14.880631 15.246829
0.405000 13.624193 14.092569 14.549742 14.532071 14.974782 15.317758
0.412500 13.732046 14.190698 14.657118 14.632256 15.075333 15.417709
0.417500 13.807450 14.257265 14.721242 14.703293 15.145080 15.487231
0.422500 13.877581 14.344408 14.782067 14.779378 15.213825 15.585187
0.427500 13.972180 14.432746 14.871886 14.864194 15.306999 15.665560
0.432500 14.081476 14.529208 14.955149 14.952975 15.399796 15.741188
0.437500 14.219116 14.613574 15.043892 15.046558 15.496018 15.847704
0.442500 14.316998 14.707055 15.124692 15.136252 15.572575 15.935122
0.447500 14.417882 14.796999 15.213040 15.225378 15.659721 16.035285
0.452500 14.546584 14.896600 15.305031 15.322742 15.749448 16.126548
0.457500 14.651126 15.009881 15.406181 15.418316 15.842088 16.202632
0.462500 14.777110 15.147866 15.530574 15.532138 15.936025 16.306694
0.467500 14.882520 15.259292 15.631146 15.636687 16.024966 16.401665
0.472500 14.970152 15.347028 15.733226 15.733715 16.112308 16.493609
0.477500 15.087984 15.439467 15.822347 15.823572 16.193288 16.574828
0.485000 15.259209 15.593611 15.941608 15.953478 16.307671 16.697499
0.492500 15.426945 15.744134 16.081499 16.094350 16.449590 16.819650
0.497500 15.527876 15.841810 16.178306 16.194186 16.561791 16.901319
0.502500 15.602201 15.929025 16.275933 16.287089 16.661272 17.025997
0.522500 15.846078 16.183364 16.578357 16.617659 17.044594 17.743270
0.527500 15.926258 16.267939 16.664434 16.712477 17.144478 17.882571
0.532500 15.997942 16.356270 16.757563 16.813642 17.247131 18.021458
0.537500 16.067158 16.429148 16.856427 16.914977 17.349479 18.136296
0.542500 16.144565 16.503938 16.980381 17.013323 17.472937 18.214166
0.547500 16.203089 16.582134 17.070273 17.106325 17.566945 18.309886
0.552500 16.255127 16.659958 17.166448 17.194908 17.666904 18.428756
0.557500 16.329701 16.735896 17.253533 17.282770 17.769439 18.536773
0.565000 16.425053 16.835506 17.399670 17.412251 17.913179 18.671133
0.572500 16.516684 16.942346 17.538729 17.551111 18.086923 18.820920
0.582500 16.629249 17.082754 17.732609 17.733523 18.367302 19.087871
0.587500 16.699531 17.148536 17.819541 17.824221 18.496779 19.166541
0.592500 16.755860 17.218661 17.918871 17.917999 18.626763 19.254137
0.597500 16.829260 17.290630 18.030554 18.013469 18.726731 19.359981
0.602500 16.893102 17.376222 18.117403 18.106788 18.826534 19.448578
0.607500 16.966529 17.445502 18.208134 18.192868 18.910392 19.535508
0.612500 17.036299 17.521162 18.298590 18.281897 19.003551 19.633758
0.617500 17.112245 17.605422 18.389529 18.369236 19.096692 19.707713
0.622500 17.177431 17.696279 18.488231 18.462547 19.191381 19.791691
0.627500 17.251796 17.781221 18.570796 18.557112 19.297238 19.865930
0.632500 17.386689 17.882241 18.655180 18.652495 19.407566 19.946634
0.637500 17.490328 18.000196 18.743349 18.748217 19.507198 20.057247
0.645000 17.703326 18.154335 18.884529 18.885341 19.619329 20.173737
0.725000 18.914059 19.476283 20.043535 20.028647 20.608432 21.049976
0.805000 20.298044 20.739437 21.203566 21.185970 21.631531 22.017328
0.885000 21.231086 21.691518 22.256364 22.282509 22.862663 23.546640
0.965000 22.041707 22.645806 23.257394 23.343052 24.076296 24.991736
1.045000 22.947576 23.634617 24.372949 24.428411 25.198861 26.105378
1.125000 23.998651 24.699341 25.448860 25.524630 26.317307 27.454471
1.205000 25.076859 25.736702 26.608374 26.711688 27.678240 29.067612
1.285000 26.169154 26.909361 27.904421 28.102792 29.231964 30.919530
1.365000 27.235700 28.106651 29.285044 29.434325 30.669126 32.683484
1.445000 28.287506 29.364234 30.548411 30.804764 32.087353 34.478416
1.525000 29.411469 30.582267 31.880403 32.290869 33.452906 39.841525
1.605000 30.613246 31.920969 33.307526 33.843959 35.223110 41.559971
1.685000 31.908261 33.144513 34.574748 35.552418 38.721141 43.518169
1.765000 33.062915 34.394420 36.083637 37.373819 41.635159 45.595907
1.845000 34.448215 35.888481 38.017763 39.274210 43.579571 47.375870
1.925000 35.556912 37.380819 40.210288 41.144881 45.452895 49.195052
2.005000 36.641008 39.351666 42.759071 43.233021 47.085653 50.649334
2.085000 37.821582 41.743691 45.359643 45.417030 49.011974 52.948317
2.165000 39.457888 43.878240 47.667378 47.275378 50.823911 54.450633
2.245000 41.347084 45.759165 49.625985 49.105561 52.287335 55.677884
2.325000 43.717547 47.545808 51.642718 50.988794 54.054197 56.734190
2.405000 45.466475 49.364815 53.216296 52.732697 55.624505 57.908056
2.485000 47.575579 51.345033 54.713108 54.323065 57.301817 58.998473
2.565000 49.271803 53.029167 56.280483 55.854771 58.694091 59.889961
2.645000 50.898547 54.679659 57.822914 57.297049 59.897472 60.891962
2.725000 52.464462 56.273496 59.455126 58.732271 60.967550 61.888311
2.805000 54.298150 57.923149 60.860968 60.106948 61.875616 62.679549
2.885000 55.939563 59.925146 61.952783 61.381501 62.846655 63.620826
2.965000 57.552721 61.328042 62.831650 62.431906 63.682148 64.412406
3.045000 59.447212 62.349069 63.662213 63.362406 64.471710 65.245131
3.125000 61.038516 63.158039 64.446133 64.214996 65.291196 66.093380
3.205000 62.229730 64.001643 65.261755 65.064773 66.108135 66.960520
3.285000 63.179404 64.779949 66.086034 65.885835 66.941400 67.753562
3.365000 64.135293 65.589362 66.814419 66.702400 67.752522 68.668831
3.445000 65.078225 66.386562 67.611704 67.523867 68.620275 69.521347
3.525000 65.895083 67.256283 68.475831 68.393164 69.517710 70.503781
3.605000 66.814948 68.181424 69.404769 69.369516 70.553496 71.601258
3.685000 67.822519 69.199628 70.536453 70.562883 71.936730 73.194902
3.765000 69.001477 70.461227 72.122163 72.081405 73.652114 75.238120
3.845000 70.478963 72.244586 74.458676 74.389837 76.532508 78.557684
3.925000 72.123626 74.369855 77.092320 76.754231 78.925188 80.080474
4.005000 74.282761 77.008491 79.292349 78.974870 80.780849 81.912941
4.085000 75.909272 79.755663 81.438408 81.091462 82.556982 83.569483
4.165000 77.985736 81.511926 82.910429 82.681585 83.979306 85.029922
4.245000 80.760984 82.713526 83.936249 83.844045 84.970221 86.418086
4.325000 82.714859 84.073067 85.085512 85.084138 86.015604 87.637636
4.405000 84.082278 85.434066 86.326474 86.493575 87.440470 90.939459
4.485000 85.655349 86.795431 87.916127 88.393104 90.563530 92.170066
4.565000 86.703628 88.128345 90.597152 90.299547 92.182055 93.493383
4.645000 87.625270 90.054297 92.082254 91.815305 93.385688 94.663119
4.725000 89.702659 91.664699 93.345969 93.106745 94.448856 95.605222
4.805000 91.477250 93.132013 94.508781 94.382376 95.569312 96.778855
4.885000 93.083773 94.609480 95.748613 95.731618 96.831273 98.306583
4.965000 94.631419 96.020044 97.046235 97.180747 98.376692 100.224355
5.045000 96.164120 97.200077 98.394772 98.531835 99.904839 101.732375
5.125000 97.450659 98.490481 99.855255 100.016394 101.543930 103.569835
5.205000 98.685330 99.858130 101.443187 101.568987 103.245132 105.301669
5.285000 100.024308 101.533051 103.359809 103.504379 105.618198 107.369522
5.365000 101.900702 103.588173 105.846772 105.758150 107.903692 109.539424
5.445000 103.760646 105.946536 108.649789 108.375930 110.533396 112.276016
5.525000 105.963333 109.445078 111.680087 111.347697 113.209435 115.047407
5.605000 109.286253 113.240329 114.969937 114.861990 116.794225 118.320160
5.685000 116.808917 118.767335 120.214216 120.227648 121.770336 123.628738
5.765000 120.808970 122.325993 123.837439 123.856426 125.436699 126.742938
5.845000 123.446694 124.932312 126.496089 126.350234 127.680156 128.724999
5.925000 126.086447 127.609575 128.841121 128.659475 129.643872 130.307022
6.005000 129.696798 130.679719 131.474471 131.406882 132.138511 132.691456
