age(kyr) mean(permil) sigma(permil)
0.000000 3.249381 0.106099
0.100000 3.248662 0.104080
0.200000 3.248402 0.102583
0.300000 3.248796 0.101745
0.400000 3.249907 0.101337
0.500000 3.251459 0.101385
0.600000 3.253446 0.101757
0.700000 3.254985 0.102050
0.800000 3.255606 0.102359
0.900000 3.254904 0.102501
1.000000 3.252672 0.102556
1.100000 3.248852 0.102431
1.200000 3.244438 0.101968
1.300000 3.239859 0.101271
1.400000 3.235834 0.100212
1.500000 3.232843 0.098848
1.600000 3.231047 0.097255
1.700000 3.230009 0.095396
1.800000 3.229565 0.093458
1.900000 3.228773 0.091526
2.000000 3.227524 0.089744
2.100000 3.225669 0.088211
2.200000 3.223374 0.086793
2.300000 3.220675 0.085669
2.400000 3.218200 0.084700
2.500000 3.216309 0.083941
2.600000 3.215265 0.083496
2.700000 3.214863 0.083131
2.800000 3.215026 0.082820
2.900000 3.215782 0.082486
3.000000 3.216601 0.082314
3.100000 3.217143 0.082213
3.200000 3.217296 0.082335
3.300000 3.216925 0.082836
3.400000 3.215886 0.083652
3.500000 3.214482 0.084839
3.600000 3.212515 0.086423
3.700000 3.210240 0.088254
3.800000 3.208145 0.090433
3.900000 3.206553 0.092849
4.000000 3.205431 0.095612
4.100000 3.205538 0.098720
4.200000 3.206815 0.101928
4.300000 3.209218 0.105233
4.400000 3.212537 0.108488
4.500000 3.216778 0.111513
4.600000 3.221488 0.114259
4.700000 3.226302 0.116624
4.800000 3.231102 0.118641
4.900000 3.235328 0.120252
5.000000 3.238807 0.121558
5.100000 3.241432 0.122563
5.200000 3.243802 0.123218
5.300000 3.245481 0.123691
5.400000 3.246850 0.123945
5.500000 3.247769 0.124097
5.600000 3.248195 0.124163
5.700000 3.247889 0.124077
5.800000 3.247245 0.123842
5.900000 3.246291 0.123536
6.000000 3.245390 0.123154
6.100000 3.244970 0.122696
6.200000 3.244945 0.122111
6.300000 3.245513 0.121450
6.400000 3.246640 0.120641
6.500000 3.248574 0.119748
6.600000 3.251264 0.118768
6.700000 3.254586 0.117678
6.800000 3.258465 0.116689
6.900000 3.263213 0.115862
7.000000 3.268184 0.115347
7.100000 3.272958 0.115298
7.200000 3.277805 0.115770
7.300000 3.282750 0.116905
7.400000 3.287234 0.118659
7.500000 3.291540 0.121191
7.600000 3.296119 0.124505
7.700000 3.300873 0.128392
7.800000 3.306030 0.132830
7.900000 3.311812 0.137588
8.000000 3.318604 0.142469
8.100000 3.326779 0.147342
8.200000 3.335907 0.151917
8.300000 3.345744 0.156017
8.400000 3.355845 0.159399
8.500000 3.366452 0.161988
8.600000 3.376750 0.163659
8.700000 3.386387 0.164378
8.800000 3.395217 0.164246
8.900000 3.403493 0.163381
9.000000 3.410473 0.161952
9.100000 3.416376 0.160148
9.200000 3.421714 0.158121
9.300000 3.426619 0.156196
9.400000 3.431144 0.154500
9.500000 3.435661 0.153196
9.600000 3.439963 0.152324
9.700000 3.444280 0.151768
9.800000 3.448698 0.151482
9.900000 3.453363 0.151418
10.000000 3.458430 0.151483
10.100000 3.464112 0.151569
10.200000 3.470592 0.151577
10.300000 3.478301 0.151448
10.400000 3.487291 0.151105
10.500000 3.497354 0.150585
10.600000 3.508818 0.149758
10.700000 3.520949 0.148479
10.800000 3.533446 0.146743
10.900000 3.546310 0.144507
11.000000 3.559555 0.141973
11.100000 3.572679 0.139598
11.200000 3.585646 0.137810
11.300000 3.598623 0.137263
11.400000 3.611242 0.138269
11.500000 3.623884 0.140914
11.600000 3.636964 0.145124
11.700000 3.651020 0.150502
11.800000 3.666471 0.156839
11.900000 3.683678 0.163678
12.000000 3.703179 0.170525
12.100000 3.725608 0.176556
12.200000 3.750452 0.180861
12.300000 3.777919 0.182712
12.400000 3.807144 0.181899
12.500000 3.837918 0.178704
12.600000 3.869194 0.174124
12.700000 3.899709 0.169221
12.800000 3.928644 0.164893
12.900000 3.955532 0.161466
13.000000 3.979613 0.158808
13.100000 4.000819 0.156419
13.200000 4.019770 0.153301
13.300000 4.036236 0.148552
13.400000 4.051005 0.141820
13.500000 4.063854 0.133870
13.600000 4.075002 0.126089
13.700000 4.085351 0.119423
13.800000 4.095196 0.114641
13.900000 4.105114 0.112212
14.000000 4.115988 0.112573
14.100000 4.128410 0.115563
14.200000 4.142032 0.120304
14.300000 4.157450 0.126027
14.400000 4.174543 0.132103
14.500000 4.193171 0.138223
14.600000 4.213036 0.143994
14.700000 4.234014 0.148756
14.800000 4.255977 0.152175
14.900000 4.278726 0.153955
15.000000 4.302146 0.153701
15.100000 4.325735 0.151409
15.200000 4.349878 0.147557
15.300000 4.375144 0.143136
15.400000 4.401129 0.139420
15.500000 4.428724 0.137401
15.600000 4.458601 0.137184
15.700000 4.490180 0.138387
15.800000 4.523017 0.140532
15.900000 4.556579 0.142271
16.000000 4.589957 0.142650
16.100000 4.622889 0.141313
16.200000 4.654870 0.138876
16.300000 4.685734 0.136705
16.400000 4.715495 0.135758
16.500000 4.744166 0.136220
16.600000 4.771518 0.137467
16.700000 4.797979 0.138620
16.800000 4.823222 0.139264
16.900000 4.847857 0.139417
17.000000 4.871214 0.139167
17.100000 4.892966 0.138365
17.200000 4.912831 0.136855
17.300000 4.929786 0.134944
17.400000 4.943685 0.132910
17.500000 4.954324 0.131336
17.600000 4.961761 0.130547
17.700000 4.967367 0.130499
17.800000 4.972264 0.131103
17.900000 4.977042 0.132094
18.000000 4.982808 0.133264
18.100000 4.990282 0.134332
18.200000 4.998763 0.135027
18.300000 5.008238 0.135107
18.400000 5.017760 0.133846
18.500000 5.026340 0.131188
18.600000 5.033018 0.127209
18.700000 5.037751 0.121888
18.800000 5.039018 0.115525
18.900000 5.037946 0.109452
19.000000 5.034187 0.104958
19.100000 5.028391 0.102754
19.200000 5.021991 0.102660
19.300000 5.015980 0.104149
19.400000 5.011009 0.106170
19.500000 5.007685 0.108052
19.600000 5.005778 0.109419
19.700000 5.004852 0.110009
19.800000 5.004735 0.110116
19.900000 5.004466 0.109784
20.000000 5.003853 0.109381
20.100000 5.003073 0.109071
20.200000 5.001644 0.108831
20.300000 4.999440 0.108697
20.400000 4.996974 0.108364
20.500000 4.994112 0.107702
20.600000 4.990755 0.106478
20.700000 4.987348 0.104495
20.800000 4.983855 0.101997
20.900000 4.980237 0.099120
21.000000 4.976694 0.096164
21.100000 4.973072 0.093448
21.200000 4.969274 0.090973
21.300000 4.965557 0.088976
21.400000 4.961851 0.087325
21.500000 4.957880 0.086304
21.600000 4.953895 0.086105
21.700000 4.950135 0.086633
21.800000 4.946137 0.088084
21.900000 4.941618 0.090268
22.000000 4.936297 0.093231
22.100000 4.929851 0.096794
22.200000 4.922117 0.100480
22.300000 4.913207 0.104242
22.400000 4.903460 0.107866
22.500000 4.893504 0.111253
22.600000 4.883522 0.114390
22.700000 4.873652 0.117196
22.800000 4.864195 0.119668
22.900000 4.855163 0.121714
23.000000 4.846267 0.123262
23.100000 4.837849 0.124114
23.200000 4.830067 0.123953
23.300000 4.822842 0.122911
23.400000 4.816762 0.120981
23.500000 4.812299 0.118417
23.600000 4.809426 0.115674
23.700000 4.808306 0.112980
23.800000 4.809447 0.110680
23.900000 4.812689 0.108836
24.000000 4.818388 0.107373
24.100000 4.826503 0.106252
24.200000 4.835495 0.105356
24.300000 4.845062 0.104668
24.400000 4.853525 0.104034
24.500000 4.859668 0.103555
24.600000 4.862708 0.103253
24.700000 4.863354 0.102891
24.800000 4.861197 0.102481
24.900000 4.857482 0.101853
25.000000 4.853055 0.101130
25.100000 4.848596 0.100389
25.200000 4.844366 0.099714
25.300000 4.840587 0.099577
25.400000 4.837128 0.100155
25.500000 4.833418 0.101834
25.600000 4.829381 0.104745
25.700000 4.825241 0.108621
25.800000 4.821303 0.113365
25.900000 4.817901 0.118506
26.000000 4.815377 0.123642
26.100000 4.813901 0.128512
26.200000 4.812993 0.132748
26.300000 4.812245 0.136272
26.400000 4.810959 0.138922
26.500000 4.808913 0.140763
26.600000 4.805350 0.141850
26.700000 4.800397 0.142094
26.800000 4.793492 0.141682
26.900000 4.785122 0.140463
27.000000 4.775123 0.138513
27.100000 4.764014 0.135828
27.200000 4.752676 0.132710
27.300000 4.741686 0.129410
27.400000 4.730970 0.126223
27.500000 4.720690 0.123412
27.600000 4.711289 0.121141
27.700000 4.702295 0.119346
27.800000 4.693678 0.118234
27.900000 4.685905 0.117830
28.000000 4.679094 0.118262
28.100000 4.672686 0.119865
28.200000 4.666587 0.122635
28.300000 4.660250 0.126382
28.400000 4.653384 0.130491
28.500000 4.645750 0.133988
28.600000 4.637436 0.135738
28.700000 4.628588 0.135378
28.800000 4.620344 0.133585
28.900000 4.613421 0.131062
29.000000 4.608682 0.128736
29.100000 4.607091 0.127411
29.200000 4.608698 0.127075
29.300000 4.613898 0.127435
29.400000 4.621182 0.128187
29.500000 4.629899 0.128873
29.600000 4.638542 0.129082
29.700000 4.645879 0.128648
29.800000 4.651028 0.127872
29.900000 4.653957 0.126976
30.000000 4.654598 0.126367
30.100000 4.653073 0.126244
30.200000 4.650199 0.126415
30.300000 4.645912 0.126567
30.400000 4.641202 0.126423
30.500000 4.636371 0.125715
30.600000 4.632707 0.124463
30.700000 4.630355 0.122777
30.800000 4.629365 0.120938
30.900000 4.630091 0.119057
31.000000 4.632129 0.117281
31.100000 4.634891 0.115615
31.200000 4.638228 0.113786
31.300000 4.642355 0.111824
31.400000 4.645918 0.109734
31.500000 4.649524 0.107315
31.600000 4.652222 0.104841
31.700000 4.653929 0.102538
31.800000 4.654562 0.100586
31.900000 4.653900 0.098976
32.000000 4.651547 0.097837
32.100000 4.647882 0.096904
32.200000 4.643105 0.096152
32.300000 4.637293 0.095655
32.400000 4.631871 0.095322
32.500000 4.626978 0.095224
32.600000 4.623729 0.095433
32.700000 4.622045 0.096021
32.800000 4.621477 0.097317
32.900000 4.621288 0.099032
33.000000 4.621137 0.101107
33.100000 4.619849 0.103145
33.200000 4.617017 0.104921
33.300000 4.612970 0.106231
33.400000 4.607861 0.106767
33.500000 4.601832 0.106475
33.600000 4.595357 0.105471
33.700000 4.589017 0.103937
33.800000 4.582347 0.102269
33.900000 4.575646 0.100914
34.000000 4.569354 0.100520
34.100000 4.563435 0.101264
34.200000 4.557943 0.102850
34.300000 4.553230 0.105131
34.400000 4.549403 0.107879
34.500000 4.545826 0.111171
34.600000 4.541976 0.115114
34.700000 4.537576 0.119881
34.800000 4.532662 0.125453
34.900000 4.526251 0.131522
35.000000 4.518010 0.137664
35.100000 4.508504 0.143691
35.200000 4.498256 0.148912
35.300000 4.487041 0.152674
35.400000 4.476220 0.154851
35.500000 4.466666 0.155451
35.600000 4.458963 0.154604
35.700000 4.452961 0.152483
35.800000 4.449577 0.149303
35.900000 4.447910 0.145290
36.000000 4.447572 0.140730
36.100000 4.447576 0.135843
36.200000 4.447370 0.130877
36.300000 4.445431 0.126109
36.400000 4.441672 0.121763
36.500000 4.435151 0.118162
36.600000 4.426100 0.115423
36.700000 4.415498 0.113431
36.800000 4.403680 0.112275
36.900000 4.391541 0.111640
37.000000 4.379989 0.111442
37.100000 4.369309 0.111617
37.200000 4.359323 0.111879
37.300000 4.350677 0.112274
37.400000 4.343078 0.112966
37.500000 4.337286 0.113825
37.600000 4.334035 0.114836
37.700000 4.332792 0.116254
37.800000 4.333751 0.118127
37.900000 4.336588 0.120329
38.000000 4.341530 0.122791
38.100000 4.348435 0.125661
38.200000 4.356813 0.128581
38.300000 4.366767 0.131452
38.400000 4.378284 0.133976
38.500000 4.391606 0.135944
38.600000 4.405608 0.137448
38.700000 4.420148 0.138201
38.800000 4.435610 0.137862
38.900000 4.451358 0.136676
39.000000 4.466411 0.134746
39.100000 4.480831 0.132243
39.200000 4.494821 0.129124
39.300000 4.508559 0.125605
39.400000 4.521766 0.122030
39.500000 4.534599 0.118735
39.600000 4.547015 0.115804
39.700000 4.558589 0.113308
39.800000 4.568632 0.111415
39.900000 4.577581 0.110027
40.000000 4.584923 0.109157
40.100000 4.590660 0.108803
40.200000 4.595104 0.108636
40.300000 4.597717 0.108651
40.400000 4.598751 0.108580
40.500000 4.598287 0.108379
40.600000 4.597025 0.108187
40.700000 4.595062 0.107863
40.800000 4.592404 0.107481
40.900000 4.589366 0.107057
41.000000 4.586306 0.106703
41.100000 4.582994 0.106421
41.200000 4.580157 0.106157
41.300000 4.578793 0.106164
41.400000 4.578499 0.106609
41.500000 4.580086 0.107719
41.600000 4.583093 0.109604
41.700000 4.586472 0.111934
41.800000 4.589698 0.114415
41.900000 4.593031 0.116767
42.000000 4.594468 0.118819
42.100000 4.594267 0.120593
42.200000 4.592758 0.122329
42.300000 4.589431 0.123844
42.400000 4.583715 0.125073
42.500000 4.577065 0.126335
42.600000 4.569375 0.127648
42.700000 4.561282 0.128923
42.800000 4.552994 0.130231
42.900000 4.545220 0.131581
43.000000 4.537364 0.132866
43.100000 4.528906 0.134065
43.200000 4.520416 0.135040
43.300000 4.511832 0.135923
43.400000 4.504137 0.136675
43.500000 4.496700 0.137561
43.600000 4.490327 0.138451
43.700000 4.485000 0.139339
43.800000 4.480977 0.140500
43.900000 4.477580 0.141819
44.000000 4.475501 0.143237
44.100000 4.475422 0.144407
44.200000 4.476569 0.145328
44.300000 4.478563 0.146037
44.400000 4.480870 0.146837
44.500000 4.484025 0.147677
44.600000 4.487841 0.148446
44.700000 4.491908 0.149082
44.800000 4.496514 0.149503
44.900000 4.501069 0.149557
45.000000 4.505198 0.149482
45.100000 4.508792 0.149327
45.200000 4.511382 0.148832
45.300000 4.512904 0.148191
45.400000 4.513812 0.147440
45.500000 4.514427 0.146594
45.600000 4.513795 0.145705
45.700000 4.512442 0.144740
45.800000 4.509861 0.143548
45.900000 4.506462 0.142565
46.000000 4.501746 0.141726
46.100000 4.495944 0.140945
46.200000 4.489699 0.140343
46.300000 4.483424 0.140099
46.400000 4.477147 0.140081
46.500000 4.470579 0.140255
46.600000 4.464072 0.140608
46.700000 4.457797 0.141310
46.800000 4.451867 0.142257
46.900000 4.445754 0.143390
47.000000 4.439934 0.144902
47.100000 4.434275 0.146808
47.200000 4.428502 0.149164
47.300000 4.422901 0.151968
47.400000 4.417969 0.155076
47.500000 4.413690 0.158333
47.600000 4.409885 0.161634
47.700000 4.406786 0.164676
47.800000 4.404413 0.167369
47.900000 4.403350 0.169466
48.000000 4.403680 0.171081
48.100000 4.405732 0.172099
48.200000 4.408988 0.172493
48.300000 4.413645 0.172106
48.400000 4.418598 0.171194
48.500000 4.424300 0.169855
48.600000 4.430762 0.168170
48.700000 4.437584 0.166246
48.800000 4.444584 0.164080
48.900000 4.451765 0.161615
49.000000 4.458539 0.159195
49.100000 4.464703 0.156855
49.200000 4.470333 0.154490
49.300000 4.475254 0.152080
49.400000 4.479776 0.149770
49.500000 4.483854 0.147721
49.600000 4.487482 0.145962
49.700000 4.490833 0.144404
49.800000 4.493567 0.143099
49.900000 4.495748 0.141879
50.000000 4.497500 0.140672
50.100000 4.498755 0.139530
50.200000 4.499683 0.138360
50.300000 4.500745 0.137310
50.400000 4.501353 0.136302
50.500000 4.501182 0.135507
50.600000 4.500077 0.135083
50.700000 4.498075 0.134950
50.800000 4.494890 0.135137
50.900000 4.491038 0.135468
51.000000 4.486409 0.135861
51.100000 4.481259 0.136299
51.200000 4.476028 0.136619
51.300000 4.470434 0.136895
51.400000 4.464384 0.136996
51.500000 4.458165 0.136956
51.600000 4.452140 0.136807
51.700000 4.446055 0.136566
51.800000 4.439748 0.136318
51.900000 4.433862 0.136022
52.000000 4.428515 0.135526
52.100000 4.423205 0.135012
52.200000 4.417985 0.134349
52.300000 4.413350 0.133636
52.400000 4.408804 0.132860
52.500000 4.404579 0.132122
52.600000 4.400832 0.131428
52.700000 4.397098 0.130765
52.800000 4.393498 0.130207
52.900000 4.390012 0.129831
53.000000 4.386449 0.129389
53.100000 4.382654 0.128943
53.200000 4.378811 0.128503
53.300000 4.374961 0.128226
53.400000 4.371378 0.127908
53.500000 4.367783 0.127696
53.600000 4.364899 0.127555
53.700000 4.362852 0.127561
53.800000 4.361623 0.127618
53.900000 4.361071 0.127776
54.000000 4.361843 0.127935
54.100000 4.363488 0.128062
54.200000 4.365843 0.128170
54.300000 4.369000 0.128214
54.400000 4.372918 0.128226
54.500000 4.376895 0.128098
54.600000 4.380994 0.127867
54.700000 4.385427 0.127479
54.800000 4.390017 0.127065
54.900000 4.394671 0.126625
55.000000 4.399798 0.126147
55.100000 4.405303 0.125660
55.200000 4.410911 0.125166
55.300000 4.416962 0.124621
55.400000 4.423166 0.124102
55.500000 4.429649 0.123731
55.600000 4.436143 0.123494
55.700000 4.442225 0.123255
55.800000 4.447743 0.122971
55.900000 4.452695 0.122667
56.000000 4.456791 0.122373
56.100000 4.460228 0.122256
56.200000 4.462575 0.122256
56.300000 4.462950 0.122592
56.400000 4.461661 0.123106
56.500000 4.458377 0.123866
56.600000 4.452633 0.124681
56.700000 4.445902 0.125437
56.800000 4.438595 0.126362
56.900000 4.430741 0.127382
57.000000 4.422256 0.128286
57.100000 4.413693 0.129043
57.200000 4.404978 0.129632
57.300000 4.396287 0.130202
57.400000 4.387556 0.130686
57.500000 4.379144 0.131156
57.600000 4.370955 0.131693
57.700000 4.363003 0.132224
57.800000 4.355444 0.132756
57.900000 4.348168 0.133214
58.000000 4.341216 0.133779
58.100000 4.334792 0.134449
58.200000 4.328614 0.135123
58.300000 4.322512 0.135870
58.400000 4.316828 0.136600
58.500000 4.311649 0.137267
58.600000 4.306986 0.137881
58.700000 4.302932 0.138401
58.800000 4.299726 0.138802
58.900000 4.297619 0.138993
59.000000 4.296707 0.138901
59.100000 4.297141 0.138610
59.200000 4.299137 0.138101
59.300000 4.303122 0.137453
59.400000 4.308375 0.136608
59.500000 4.315187 0.135476
59.600000 4.323242 0.134025
59.700000 4.331615 0.132322
59.800000 4.340294 0.130566
59.900000 4.349296 0.128758
60.000000 4.358406 0.126945
60.100000 4.367513 0.125252
60.200000 4.376593 0.123606
60.300000 4.385680 0.122080
60.400000 4.394607 0.120586
60.500000 4.403448 0.119178
60.600000 4.412345 0.117768
60.700000 4.421297 0.116334
60.800000 4.429941 0.115044
60.900000 4.438374 0.113866
61.000000 4.446564 0.112881
61.100000 4.454598 0.112267
61.200000 4.462574 0.111825
61.300000 4.470944 0.111729
61.400000 4.479735 0.111930
61.500000 4.488966 0.112454
61.600000 4.498564 0.113208
61.700000 4.508739 0.114063
61.800000 4.519182 0.114957
61.900000 4.530057 0.115693
62.000000 4.541784 0.116283
62.100000 4.553814 0.116635
62.200000 4.565947 0.116801
62.300000 4.577849 0.116789
62.400000 4.589406 0.116403
62.500000 4.600182 0.115691
62.600000 4.610451 0.114972
62.700000 4.619963 0.114334
62.800000 4.628644 0.113658
62.900000 4.636470 0.113025
63.000000 4.643282 0.112477
63.100000 4.649352 0.111748
63.200000 4.654678 0.111027
63.300000 4.659099 0.110255
63.400000 4.662818 0.109513
63.500000 4.665425 0.108707
63.600000 4.667106 0.108036
63.700000 4.668339 0.107269
63.800000 4.669294 0.106542
63.900000 4.669414 0.105855
64.000000 4.669033 0.105421
64.100000 4.668059 0.105181
64.200000 4.666746 0.105018
64.300000 4.665211 0.104930
64.400000 4.663807 0.104847
64.500000 4.662487 0.104717
64.600000 4.660831 0.104665
64.700000 4.659170 0.104661
64.800000 4.657292 0.104716
64.900000 4.655455 0.104860
65.000000 4.653778 0.105172
65.100000 4.652540 0.105538
65.200000 4.651219 0.105734
65.300000 4.649550 0.106007
65.400000 4.647808 0.106115
65.500000 4.645928 0.106031
65.600000 4.644112 0.105830
65.700000 4.642060 0.105553
65.800000 4.639846 0.105339
65.900000 4.637482 0.105108
66.000000 4.634899 0.104849
66.100000 4.631694 0.104604
66.200000 4.628373 0.104358
66.300000 4.625090 0.104023
66.400000 4.621871 0.103722
66.500000 4.618496 0.103582
66.600000 4.614900 0.103674
66.700000 4.611207 0.103756
66.800000 4.607825 0.104094
66.900000 4.604236 0.104455
67.000000 4.600430 0.105033
67.100000 4.596699 0.105911
67.200000 4.592998 0.106989
67.300000 4.588738 0.108287
67.400000 4.584355 0.109819
67.500000 4.579714 0.111595
67.600000 4.574844 0.113692
67.700000 4.570011 0.116031
67.800000 4.564818 0.118686
67.900000 4.559107 0.121584
68.000000 4.553237 0.124816
68.100000 4.547086 0.128280
68.200000 4.540271 0.131716
68.300000 4.533155 0.135424
68.400000 4.525773 0.139275
68.500000 4.517806 0.143293
68.600000 4.509248 0.147398
68.700000 4.500256 0.151530
68.800000 4.491012 0.155678
68.900000 4.481395 0.159793
69.000000 4.471312 0.163820
69.100000 4.460833 0.167786
69.200000 4.450190 0.171732
69.300000 4.439106 0.175492
69.400000 4.427865 0.179067
69.500000 4.416661 0.182494
69.600000 4.405341 0.185748
69.700000 4.394008 0.188683
69.800000 4.382700 0.191275
69.900000 4.371375 0.193570
70.000000 4.360225 0.195549
70.100000 4.349258 0.197172
70.200000 4.338429 0.198416
70.300000 4.327821 0.199386
70.400000 4.317411 0.200066
70.500000 4.307139 0.200450
70.600000 4.296932 0.200601
70.700000 4.286685 0.200498
70.800000 4.276673 0.200179
70.900000 4.266924 0.199552
71.000000 4.257411 0.198705
71.100000 4.248256 0.197739
71.200000 4.239533 0.196641
71.300000 4.231725 0.195403
71.400000 4.225183 0.193988
71.500000 4.220180 0.192411
71.600000 4.216899 0.190772
71.700000 4.214978 0.189063
71.800000 4.214697 0.187306
71.900000 4.215850 0.185462
72.000000 4.218866 0.183621
72.100000 4.223727 0.181818
72.200000 4.230104 0.180016
72.300000 4.237374 0.178192
72.400000 4.244885 0.176420
72.500000 4.252274 0.174676
72.600000 4.259357 0.172918
72.700000 4.265888 0.171208
72.800000 4.271570 0.169577
72.900000 4.275942 0.168033
73.000000 4.278604 0.166611
73.100000 4.279541 0.165347
73.200000 4.278787 0.164163
73.300000 4.276083 0.163153
73.400000 4.271972 0.162283
73.500000 4.266238 0.161503
73.600000 4.258728 0.160736
73.700000 4.249989 0.159971
73.800000 4.239707 0.159361
73.900000 4.228278 0.158886
74.000000 4.215401 0.158517
74.100000 4.201137 0.158227
74.200000 4.185665 0.157949
74.300000 4.168912 0.157717
74.400000 4.150972 0.157467
74.500000 4.131991 0.157198
74.600000 4.111879 0.156763
74.700000 4.090966 0.156117
74.800000 4.069802 0.155302
74.900000 4.049117 0.154083
75.000000 4.028996 0.152684
75.100000 4.009839 0.150985
75.200000 3.992305 0.149115
75.300000 3.977196 0.146892
75.400000 3.964353 0.144668
75.500000 3.954441 0.142490
75.600000 3.947597 0.140435
75.700000 3.943343 0.138481
75.800000 3.941761 0.136716
75.900000 3.942151 0.135269
76.000000 3.944740 0.134032
76.100000 3.949796 0.132920
76.200000 3.956717 0.131949
76.300000 3.965189 0.131130
76.400000 3.974625 0.130451
76.500000 3.985501 0.129855
76.600000 3.997303 0.129134
76.700000 4.009667 0.128278
76.800000 4.022785 0.127320
76.900000 4.036353 0.126248
77.000000 4.049739 0.124979
77.100000 4.062982 0.123551
77.200000 4.075096 0.121887
77.300000 4.086026 0.120109
77.400000 4.095917 0.118334
77.500000 4.104578 0.116715
77.600000 4.111747 0.115250
77.700000 4.117745 0.113827
77.800000 4.122134 0.112581
77.900000 4.125460 0.111465
78.000000 4.127405 0.110555
78.100000 4.128102 0.109864
78.200000 4.127883 0.109330
78.300000 4.126784 0.109015
78.400000 4.124703 0.108910
78.500000 4.121461 0.109107
78.600000 4.116999 0.109577
78.700000 4.111979 0.110217
78.800000 4.106258 0.111099
78.900000 4.100070 0.112076
79.000000 4.093746 0.113109
79.100000 4.087489 0.114296
79.200000 4.081277 0.115449
79.300000 4.074831 0.116598
79.400000 4.068213 0.117689
79.500000 4.061605 0.118720
79.600000 4.055050 0.119773
79.700000 4.048516 0.120798
79.800000 4.042331 0.121833
79.900000 4.036470 0.122789
80.000000 4.030755 0.123712
80.100000 4.025045 0.124553
80.200000 4.019470 0.125321
80.300000 4.013985 0.125971
80.400000 4.008659 0.126485
80.500000 4.003577 0.127019
80.600000 3.998518 0.127540
80.700000 3.993589 0.128026
80.800000 3.988985 0.128571
80.900000 3.984290 0.129109
81.000000 3.979370 0.129595
81.100000 3.974495 0.130106
81.200000 3.969514 0.130495
81.300000 3.964134 0.130833
81.400000 3.958688 0.131097
81.500000 3.953338 0.131324
81.600000 3.948118 0.131392
81.700000 3.942715 0.131444
81.800000 3.937119 0.131553
81.900000 3.931547 0.131543
82.000000 3.925474 0.131557
82.100000 3.918896 0.131565
82.200000 3.912199 0.131456
82.300000 3.905308 0.131301
82.400000 3.898140 0.131138
82.500000 3.891038 0.131012
82.600000 3.883886 0.130902
82.700000 3.876654 0.130806
82.800000 3.869381 0.130713
82.900000 3.862053 0.130666
83.000000 3.854665 0.130767
83.100000 3.847300 0.130943
83.200000 3.840020 0.131134
83.300000 3.832878 0.131400
83.400000 3.825702 0.131613
83.500000 3.818598 0.131774
83.600000 3.811316 0.132006
83.700000 3.803895 0.132210
83.800000 3.796370 0.132528
83.900000 3.788810 0.132865
84.000000 3.780893 0.133274
84.100000 3.772482 0.133683
84.200000 3.763715 0.134076
84.300000 3.754612 0.134440
84.400000 3.745003 0.134699
84.500000 3.734820 0.134848
84.600000 3.724681 0.134848
84.700000 3.714575 0.134656
84.800000 3.704398 0.134262
84.900000 3.694812 0.133646
85.000000 3.686568 0.132780
85.100000 3.680192 0.131790
85.200000 3.675805 0.130819
85.300000 3.674200 0.129941
85.400000 3.675168 0.129187
85.500000 3.679341 0.128424
85.600000 3.686387 0.127975
85.700000 3.696035 0.127820
85.800000 3.708555 0.127807
85.900000 3.723145 0.127861
86.000000 3.740345 0.127936
86.100000 3.759848 0.128121
86.200000 3.780440 0.128577
86.300000 3.802476 0.129100
86.400000 3.825632 0.129508
86.500000 3.849188 0.129894
86.600000 3.872861 0.130086
86.700000 3.896118 0.130104
86.800000 3.918606 0.130153
86.900000 3.940242 0.130303
87.000000 3.960598 0.130561
87.100000 3.980030 0.130930
87.200000 3.998834 0.131435
87.300000 4.016964 0.132162
87.400000 4.034631 0.132972
87.500000 4.052110 0.133796
87.600000 4.069064 0.134544
87.700000 4.085879 0.135130
87.800000 4.102418 0.135617
87.900000 4.118517 0.135954
88.000000 4.133796 0.136086
88.100000 4.148004 0.136039
88.200000 4.161274 0.135892
88.300000 4.173122 0.135610
88.400000 4.183836 0.135193
88.500000 4.193093 0.134786
88.600000 4.201016 0.134437
88.700000 4.207603 0.134090
88.800000 4.212498 0.133781
88.900000 4.215455 0.133455
89.000000 4.216175 0.133166
89.100000 4.214880 0.132974
89.200000 4.212090 0.132875
89.300000 4.207430 0.132665
89.400000 4.201642 0.132503
89.500000 4.194546 0.132370
89.600000 4.185978 0.132181
89.700000 4.176465 0.131903
89.800000 4.166192 0.131495
89.900000 4.155387 0.131010
90.000000 4.144191 0.130486
90.100000 4.132841 0.129834
90.200000 4.121274 0.129071
90.300000 4.109658 0.128294
90.400000 4.098224 0.127438
90.500000 4.087138 0.126522
90.600000 4.076387 0.125652
90.700000 4.065848 0.124795
90.800000 4.055515 0.123918
90.900000 4.045318 0.123049
91.000000 4.035380 0.122224
91.100000 4.025350 0.121327
91.200000 4.015507 0.120474
91.300000 4.005956 0.119614
91.400000 3.996663 0.118745
91.500000 3.987879 0.117830
91.600000 3.979897 0.116921
91.700000 3.972726 0.115955
91.800000 3.966282 0.115114
91.900000 3.960599 0.114297
92.000000 3.955574 0.113541
92.100000 3.951348 0.112884
92.200000 3.947858 0.112238
92.300000 3.945140 0.111601
92.400000 3.942585 0.111024
92.500000 3.940275 0.110587
92.600000 3.938360 0.110309
92.700000 3.936427 0.110095
92.800000 3.934999 0.110062
92.900000 3.933968 0.110153
93.000000 3.933070 0.110454
93.100000 3.932214 0.110938
93.200000 3.931277 0.111545
93.300000 3.930034 0.112251
93.400000 3.929029 0.112875
93.500000 3.928133 0.113468
93.600000 3.926958 0.114102
93.700000 3.925573 0.114596
93.800000 3.923831 0.114975
93.900000 3.921415 0.115374
94.000000 3.918562 0.115856
94.100000 3.915351 0.116272
94.200000 3.912012 0.116645
94.300000 3.908132 0.117021
94.400000 3.903757 0.117317
94.500000 3.899075 0.117662
94.600000 3.893865 0.118113
94.700000 3.887966 0.118485
94.800000 3.881763 0.118970
94.900000 3.875264 0.119545
95.000000 3.868494 0.120058
95.100000 3.861587 0.120564
95.200000 3.854467 0.121068
95.300000 3.847095 0.121447
95.400000 3.839399 0.121714
95.500000 3.831137 0.121980
95.600000 3.822592 0.122063
95.700000 3.813870 0.122087
95.800000 3.804916 0.122034
95.900000 3.796055 0.121830
96.000000 3.786989 0.121466
96.100000 3.777562 0.120970
96.200000 3.768241 0.120205
96.300000 3.759074 0.119388
96.400000 3.750171 0.118394
96.500000 3.742049 0.117427
96.600000 3.734645 0.116477
96.700000 3.727892 0.115405
96.800000 3.721873 0.114163
96.900000 3.716723 0.112934
97.000000 3.712077 0.111824
97.100000 3.708706 0.110815
97.200000 3.706270 0.109908
97.300000 3.704531 0.109225
97.400000 3.703336 0.108626
97.500000 3.703031 0.108152
97.600000 3.703360 0.107745
97.700000 3.704041 0.107284
97.800000 3.705732 0.106751
97.900000 3.707887 0.106124
98.000000 3.710402 0.105514
98.100000 3.713081 0.104908
98.200000 3.716032 0.104283
98.300000 3.718922 0.103824
98.400000 3.721821 0.103359
98.500000 3.724920 0.102931
98.600000 3.727819 0.102609
98.700000 3.730233 0.102337
98.800000 3.732373 0.102087
98.900000 3.734128 0.101877
99.000000 3.735394 0.101719
99.100000 3.736568 0.101741
99.200000 3.737916 0.101794
99.300000 3.739024 0.101942
99.400000 3.739976 0.102141
99.500000 3.740624 0.102435
99.600000 3.740577 0.102906
99.700000 3.739579 0.103289
99.800000 3.737972 0.103782
99.900000 3.735957 0.104166
100.000000 3.733872 0.104619
100.100000 3.732061 0.105152
100.200000 3.730762 0.105733
100.300000 3.729983 0.106478
100.400000 3.729638 0.107297
100.500000 3.729205 0.108176
100.600000 3.728875 0.109149
100.700000 3.729134 0.110303
100.800000 3.729339 0.111591
100.900000 3.729831 0.113029
101.000000 3.730894 0.114516
101.100000 3.732468 0.116049
101.200000 3.733966 0.117565
101.300000 3.736119 0.119116
101.400000 3.738445 0.120658
101.500000 3.741189 0.122232
101.600000 3.744019 0.123817
101.700000 3.746864 0.125472
101.800000 3.749651 0.127217
101.900000 3.752125 0.129003
102.000000 3.754259 0.130855
102.100000 3.755983 0.132804
102.200000 3.757210 0.134786
102.300000 3.757911 0.136834
102.400000 3.758986 0.138962
102.500000 3.760132 0.141324
102.600000 3.761265 0.143762
102.700000 3.762557 0.146087
102.800000 3.763911 0.148470
102.900000 3.764672 0.150900
103.000000 3.765313 0.153317
103.100000 3.766379 0.155733
103.200000 3.767832 0.158020
103.300000 3.770139 0.160331
103.400000 3.773231 0.162608
103.500000 3.777034 0.164839
103.600000 3.781403 0.167119
103.700000 3.786784 0.169229
103.800000 3.793167 0.171184
103.900000 3.801054 0.172757
104.000000 3.809960 0.174079
104.100000 3.819297 0.175252
104.200000 3.829696 0.175987
104.300000 3.840835 0.176275
104.400000 3.852181 0.176211
104.500000 3.864145 0.175754
104.600000 3.877253 0.174585
104.700000 3.889780 0.172901
104.800000 3.901551 0.170742
104.900000 3.912208 0.168148
105.000000 3.921797 0.164959
105.100000 3.930579 0.161403
105.200000 3.937821 0.157697
105.300000 3.943687 0.153685
105.400000 3.948245 0.149596
105.500000 3.951385 0.145714
105.600000 3.952715 0.142156
105.700000 3.953260 0.138688
105.800000 3.952766 0.135401
105.900000 3.951635 0.132304
106.000000 3.949660 0.129486
106.100000 3.946979 0.126992
106.200000 3.944169 0.124784
106.300000 3.940971 0.123030
106.400000 3.937596 0.121671
106.500000 3.934024 0.120752
106.600000 3.930025 0.120302
106.700000 3.925606 0.120224
106.800000 3.920694 0.120645
106.900000 3.915704 0.121387
107.000000 3.910985 0.122471
107.100000 3.906571 0.123859
107.200000 3.902856 0.125531
107.300000 3.900729 0.127370
107.400000 3.899684 0.129389
107.500000 3.900049 0.131598
107.600000 3.901990 0.133985
107.700000 3.905260 0.136437
107.800000 3.910438 0.138870
107.900000 3.917558 0.141195
108.000000 3.926569 0.143456
108.100000 3.937281 0.145534
108.200000 3.948963 0.147330
108.300000 3.961677 0.148976
108.400000 3.974870 0.150424
108.500000 3.988455 0.151554
108.600000 4.002791 0.152275
108.700000 4.017510 0.152609
108.800000 4.031902 0.152640
108.900000 4.046023 0.152400
109.000000 4.059561 0.151855
109.100000 4.072787 0.150987
109.200000 4.085598 0.149873
109.300000 4.097247 0.148400
109.400000 4.108008 0.146825
109.500000 4.117487 0.145106
109.600000 4.125366 0.143354
109.700000 4.132001 0.141703
109.800000 4.137262 0.140165
109.900000 4.141173 0.138832
110.000000 4.143781 0.137650
110.100000 4.144760 0.136584
110.200000 4.144575 0.135581
110.300000 4.143105 0.134722
110.400000 4.141059 0.133975
110.500000 4.138456 0.133323
110.600000 4.134937 0.132666
110.700000 4.131230 0.131821
110.800000 4.127656 0.130984
110.900000 4.123933 0.130028
111.000000 4.119906 0.128944
111.100000 4.115976 0.127718
111.200000 4.111859 0.126298
111.300000 4.107689 0.124854
111.400000 4.103177 0.123252
111.500000 4.098482 0.121634
111.600000 4.093938 0.120087
111.700000 4.089193 0.118628
111.800000 4.084162 0.117260
111.900000 4.079007 0.116003
112.000000 4.073458 0.114907
112.100000 4.067107 0.113999
112.200000 4.060209 0.113180
112.300000 4.052712 0.112575
112.400000 4.044700 0.112048
112.500000 4.035965 0.111695
112.600000 4.026560 0.111492
112.700000 4.016565 0.111357
112.800000 4.006123 0.111292
112.900000 3.995370 0.111261
113.000000 3.984615 0.111332
113.100000 3.973855 0.111547
113.200000 3.963334 0.111850
113.300000 3.953023 0.112258
113.400000 3.942733 0.112709
113.500000 3.932649 0.113212
113.600000 3.922806 0.113882
113.700000 3.912995 0.114687
113.800000 3.903139 0.115653
113.900000 3.893488 0.116565
114.000000 3.883902 0.117504
114.100000 3.874432 0.118507
114.200000 3.865287 0.119408
114.300000 3.856495 0.120221
114.400000 3.847719 0.120974
114.500000 3.839195 0.121631
114.600000 3.830923 0.122309
114.700000 3.822892 0.122894
114.800000 3.815100 0.123471
114.900000 3.807563 0.124018
115.000000 3.800349 0.124565
115.100000 3.793458 0.125085
115.200000 3.786779 0.125434
115.300000 3.780640 0.125726
115.400000 3.775034 0.125896
115.500000 3.769867 0.126008
115.600000 3.765349 0.126121
115.700000 3.761352 0.126134
115.800000 3.757689 0.126165
115.900000 3.754333 0.126218
116.000000 3.751474 0.126375
116.100000 3.748839 0.126541
116.200000 3.746216 0.126671
116.300000 3.743346 0.126816
116.400000 3.740524 0.126927
116.500000 3.737180 0.127107
116.600000 3.733391 0.127376
116.700000 3.729426 0.127622
116.800000 3.725450 0.127904
116.900000 3.721438 0.128171
117.000000 3.717054 0.128479
117.100000 3.712177 0.128811
117.200000 3.706636 0.129061
117.300000 3.700298 0.129207
117.400000 3.693135 0.129134
117.500000 3.685766 0.129011
117.600000 3.678000 0.128887
117.700000 3.670223 0.128752
117.800000 3.662419 0.128622
117.900000 3.654379 0.128451
118.000000 3.645956 0.128381
118.100000 3.637426 0.128435
118.200000 3.628717 0.128510
118.300000 3.619775 0.128594
118.400000 3.610652 0.128778
118.500000 3.601012 0.129023
118.600000 3.591077 0.129299
118.700000 3.580703 0.129653
118.800000 3.569873 0.130081
118.900000 3.558659 0.130498
119.000000 3.547158 0.130888
119.100000 3.535241 0.131238
119.200000 3.522953 0.131530
119.300000 3.510221 0.131680
119.400000 3.497197 0.131610
119.500000 3.484160 0.131348
119.600000 3.470963 0.130872
119.700000 3.457613 0.130172
119.800000 3.444279 0.129349
119.900000 3.431142 0.128467
120.000000 3.418235 0.127491
120.100000 3.405760 0.126578
120.200000 3.393653 0.125653
120.300000 3.381943 0.124809
120.400000 3.370417 0.123912
120.500000 3.359306 0.123063
120.600000 3.348501 0.122258
120.700000 3.338021 0.121516
120.800000 3.327843 0.120918
120.900000 3.317976 0.120403
121.000000 3.308446 0.120050
121.100000 3.299227 0.119853
121.200000 3.290324 0.119645
121.300000 3.281621 0.119416
121.400000 3.273265 0.119224
121.500000 3.265186 0.118972
121.600000 3.257365 0.118668
121.700000 3.249724 0.118347
121.800000 3.242481 0.118063
121.900000 3.235367 0.117781
122.000000 3.228421 0.117574
122.100000 3.221739 0.117464
122.200000 3.215296 0.117347
122.300000 3.209076 0.117288
122.400000 3.203074 0.117264
122.500000 3.197246 0.117157
122.600000 3.191380 0.117071
122.700000 3.185591 0.116994
122.800000 3.179959 0.116896
122.900000 3.174492 0.116657
123.000000 3.169199 0.116383
123.100000 3.164255 0.116105
123.200000 3.159607 0.115681
123.300000 3.155264 0.115261
123.400000 3.151046 0.114835
123.500000 3.146830 0.114470
123.600000 3.142687 0.114223
123.700000 3.138526 0.114046
123.800000 3.134253 0.114024
123.900000 3.130074 0.114073
124.000000 3.126074 0.114150
124.100000 3.122319 0.114312
124.200000 3.118679 0.114468
124.300000 3.115089 0.114661
124.400000 3.111515 0.114887
124.500000 3.107998 0.115123
124.600000 3.104369 0.115328
124.700000 3.100679 0.115486
124.800000 3.097139 0.115613
124.900000 3.093614 0.115760
125.000000 3.090177 0.115983
125.100000 3.086942 0.116236
125.200000 3.083833 0.116444
125.300000 3.080822 0.116689
125.400000 3.077787 0.116942
125.500000 3.074782 0.117217
125.600000 3.071855 0.117492
125.700000 3.068970 0.117736
125.800000 3.066100 0.118010
125.900000 3.063391 0.118227
126.000000 3.060702 0.118446
126.100000 3.057963 0.118612
126.200000 3.055220 0.118687
126.300000 3.052567 0.118758
126.400000 3.050033 0.118851
126.500000 3.047590 0.118969
126.600000 3.045132 0.119098
126.700000 3.042782 0.119224
126.800000 3.040661 0.119316
126.900000 3.038750 0.119347
127.000000 3.037116 0.119384
127.100000 3.035668 0.119525
127.200000 3.034447 0.119658
127.300000 3.033577 0.119815
127.400000 3.033097 0.119963
127.500000 3.033285 0.120158
127.600000 3.033800 0.120421
127.700000 3.034835 0.120724
127.800000 3.036352 0.121160
127.900000 3.038430 0.121590
128.000000 3.041091 0.122142
128.100000 3.044385 0.122839
128.200000 3.048334 0.123605
128.300000 3.052975 0.124533
128.400000 3.058122 0.125637
128.500000 3.064243 0.127028
128.600000 3.071221 0.128460
128.700000 3.078879 0.129979
128.800000 3.087527 0.131701
128.900000 3.096968 0.133533
129.000000 3.107371 0.135592
129.100000 3.119076 0.137522
129.200000 3.131587 0.139373
129.300000 3.145244 0.141226
129.400000 3.160013 0.143026
129.500000 3.175740 0.144597
129.600000 3.193070 0.145934
129.700000 3.211376 0.147004
129.800000 3.230463 0.147577
129.900000 3.250244 0.147730
130.000000 3.270595 0.147449
130.100000 3.291840 0.146680
130.200000 3.313687 0.145550
130.300000 3.336248 0.143950
130.400000 3.358947 0.142122
130.500000 3.381436 0.140211
130.600000 3.403459 0.138331
130.700000 3.425189 0.136566
130.800000 3.446403 0.135129
130.900000 3.467258 0.134030
131.000000 3.488152 0.133374
131.100000 3.509011 0.133090
131.200000 3.530131 0.133019
131.300000 3.551703 0.133182
131.400000 3.574025 0.133455
131.500000 3.597098 0.133693
131.600000 3.621121 0.133786
131.700000 3.645665 0.133704
131.800000 3.670659 0.133366
131.900000 3.695811 0.132768
132.000000 3.720988 0.131905
132.100000 3.746037 0.130772
132.200000 3.770857 0.129425
132.300000 3.795401 0.127919
132.400000 3.819514 0.126356
132.500000 3.843332 0.124931
132.600000 3.866913 0.123665
132.700000 3.890507 0.122642
132.800000 3.914455 0.121909
132.900000 3.939096 0.121271
133.000000 3.964988 0.120755
133.100000 3.992672 0.120420
133.200000 4.021820 0.120131
133.300000 4.052846 0.119658
133.400000 4.085452 0.118965
133.500000 4.119398 0.117839
133.600000 4.153888 0.116552
133.700000 4.188395 0.115003
133.800000 4.222625 0.113281
133.900000 4.256246 0.111566
134.000000 4.289089 0.109921
134.100000 4.320554 0.108307
134.200000 4.350874 0.106851
134.300000 4.380077 0.105729
134.400000 4.408658 0.104949
134.500000 4.437126 0.104603
134.600000 4.466384 0.104764
134.700000 4.496615 0.105181
134.800000 4.528328 0.105870
134.900000 4.561676 0.106713
135.000000 4.596938 0.107829
135.100000 4.633596 0.109122
135.200000 4.671207 0.110143
135.300000 4.709280 0.110975
135.400000 4.746770 0.111504
135.500000 4.782352 0.111711
135.600000 4.815328 0.111392
135.700000 4.846284 0.111034
135.800000 4.873821 0.110614
135.900000 4.897850 0.109886
136.000000 4.916981 0.108831
136.100000 4.931384 0.107823
136.200000 4.941762 0.107237
136.300000 4.948195 0.107006
136.400000 4.952507 0.107040
136.500000 4.956050 0.107301
136.600000 4.959364 0.107712
136.700000 4.963000 0.108192
136.800000 4.967425 0.108790
136.900000 4.971889 0.109344
137.000000 4.976064 0.109933
137.100000 4.979547 0.110575
137.200000 4.982086 0.111200
137.300000 4.983048 0.111968
137.400000 4.982746 0.112919
137.500000 4.980906 0.114068
137.600000 4.977859 0.115315
137.700000 4.973945 0.116513
137.800000 4.969313 0.117731
137.900000 4.964375 0.118887
138.000000 4.959304 0.120049
138.100000 4.954068 0.121206
138.200000 4.948858 0.122279
138.300000 4.943711 0.123296
138.400000 4.938985 0.124164
138.500000 4.934912 0.124969
138.600000 4.931577 0.125764
138.700000 4.928965 0.126548
138.800000 4.927472 0.127345
138.900000 4.926300 0.128122
139.000000 4.925210 0.128908
139.100000 4.923940 0.129674
139.200000 4.922247 0.130365
139.300000 4.919610 0.131005
139.400000 4.916375 0.131570
139.500000 4.912709 0.132154
139.600000 4.908634 0.132758
139.700000 4.904354 0.133370
139.800000 4.899899 0.134088
139.900000 4.895243 0.134802
140.000000 4.890128 0.135500
140.100000 4.884824 0.136209
140.200000 4.879309 0.136781
140.300000 4.873693 0.137292
140.400000 4.868134 0.137725
140.500000 4.862821 0.138088
140.600000 4.857722 0.138369
140.700000 4.852776 0.138571
140.800000 4.848019 0.138687
140.900000 4.843484 0.138721
141.000000 4.839141 0.138685
141.100000 4.835096 0.138651
141.200000 4.831321 0.138613
141.300000 4.827805 0.138571
141.400000 4.824522 0.138515
141.500000 4.821530 0.138505
141.600000 4.818693 0.138443
141.700000 4.816026 0.138369
141.800000 4.813603 0.138335
141.900000 4.811302 0.138274
142.000000 4.809088 0.138147
142.100000 4.806963 0.138049
142.200000 4.804915 0.137943
142.300000 4.802924 0.137847
142.400000 4.800978 0.137737
142.500000 4.799136 0.137728
142.600000 4.797393 0.137775
142.700000 4.795693 0.137794
142.800000 4.794020 0.137744
142.900000 4.792388 0.137709
143.000000 4.790772 0.137656
143.100000 4.789177 0.137573
143.200000 4.787639 0.137537
143.300000 4.786192 0.137675
143.400000 4.784790 0.137845
143.500000 4.783424 0.138144
143.600000 4.782096 0.138550
143.700000 4.780780 0.138915
143.800000 4.779487 0.139294
143.900000 4.778206 0.139732
144.000000 4.776954 0.140284
144.100000 4.775720 0.140910
144.200000 4.774492 0.141557
144.300000 4.773272 0.142231
144.400000 4.772065 0.142953
144.500000 4.770879 0.143757
144.600000 4.769702 0.144596
144.700000 4.768526 0.145474
144.800000 4.767356 0.146414
144.900000 4.766195 0.147427
145.000000 4.765043 0.148462
145.100000 4.763913 0.149540
145.200000 4.762796 0.150684
145.300000 4.761675 0.151843
145.400000 4.760558 0.152995
145.500000 4.759445 0.154173
145.600000 4.758334 0.155414
145.700000 4.757223 0.156657
145.800000 4.756116 0.157944
145.900000 4.755014 0.159253
146.000000 4.753915 0.160552
146.100000 4.752818 0.161834
146.200000 4.751715 0.163168
146.300000 4.750610 0.164571
146.400000 4.749503 0.165991
146.500000 4.748396 0.167414
146.600000 4.747290 0.168835
146.700000 4.746187 0.170272
146.800000 4.745090 0.171712
146.900000 4.743993 0.173138
147.000000 4.742896 0.174560
147.100000 4.741794 0.176009
147.200000 4.740697 0.177475
147.300000 4.739600 0.178947
147.400000 4.738505 0.180406
147.500000 4.737412 0.181852
147.600000 4.736320 0.183307
147.700000 4.735230 0.184763
147.800000 4.734139 0.186267
147.900000 4.733049 0.187778
148.000000 4.731962 0.189276
148.100000 4.730876 0.190762
148.200000 4.729791 0.192237
148.300000 4.728709 0.193700
148.400000 4.727628 0.195150
148.500000 4.726548 0.196589
148.600000 4.725470 0.198016
148.700000 4.724394 0.199431
148.800000 4.723319 0.200834
148.900000 4.722246 0.202225
149.000000 4.721175 0.203614
149.100000 4.720104 0.205008
149.200000 4.719035 0.206402
149.300000 4.717966 0.207801
149.400000 4.716899 0.209188
149.500000 4.715834 0.210565
149.600000 4.714770 0.211931
149.700000 4.713708 0.213287
149.800000 4.712647 0.214631
149.900000 4.711588 0.215966
150.000000 4.710531 0.217289
